Which dimension do you want to study? 3
To which diagnosis eigenvalue do you want to study? 150
01: [2, 8] -- Elapsed time: 0.015 ms
02: [2, 8, 18] -- Elapsed time: 7.215 ms
03: [2, 8, 18, 32] -- Elapsed time: 8.624 ms
04: [2, 8, 18, 32, 50] -- Elapsed time: 10.217 ms
05: [2, 8, 18, 32, 50, 72] -- Elapsed time: 13.398 ms
06: [2, 8, 18, 32, 50, 72, 98] -- Elapsed time: 14.932 ms
07: [2, 8, 18, 32, 50, 72, 98, 128] -- Elapsed time: 16.545 ms
08: [2, 8, 18, 32, 50, 72, 98, 128, 162] -- Elapsed time: 19.504 ms
09: [2, 8, 18, 32, 50, 72, 98, 128, 162, 200] -- Elapsed time: 21.736 ms
10: [2, 8, 18, 32, 50, 72, 98, 128, 162, 200, 242] -- Elapsed time: 24.21 ms
11: [2, 8, 18, 32, 50, 72, 98, 128, 162, 200, 242, 288] -- Elapsed time: 26.021 ms
12: [2, 8, 18, 32, 50, 72, 98, 128, 162, 200, 242, 288, 338] -- Elapsed time: 27.377 ms
13: [2, 8, 18, 32, 50, 72, 98, 128, 162, 200, 242, 288, 338, 392] -- Elapsed time: 30.4 ms
14: [2, 8, 18, 32, 50, 72, 98, 128, 162, 200, 242, 288, 338, 392, 450] -- Elapsed time: 31.95 ms
15: [2, 8, 18, 32, 50, 72, 98, 128, 162, 200, 242, 288, 338, 392, 450, 512] -- Elapsed time: 39.259 ms
16: [2, 8, 18, 32, 50, 72, 98, 128, 162, 200, 242, 288, 338, 392, 450, 512, 578] -- Elapsed time: 47.047 ms
17: [2, 8, 18, 32, 50, 72, 98, 128, 162, 200, 242, 288, 338, 392, 450, 512, 578, 648] -- Elapsed time: 57.489 ms
18: [2, 8, 18, 32, 50, 72, 98, 128, 162, 200, 242, 288, 338, 392, 450, 512, 578, 648, 722] -- Elapsed time: 66.808 ms
19: [2, 8, 18, 32, 50, 72, 98, 128, 162, 200, 242, 288, 338, 392, 450, 512, 578, 648, 722, 800] -- Elapsed time: 77.405 ms
20: [2, 8, 18, 32, 50, 72, 98, 128, 162, 200, 242, 288, 338, 392, 450, 512, 578, 648, 722, 800, 882] -- Elapsed time: 91.663 ms
21: [2, 8, 18, 32, 50, 72, 98, 128, 162, 200, 242, 288, 338, 392, 450, 512, 578, 648, 722, 800, 882, 968] -- Elapsed time: 104.938 ms
22: [2, 8, 18, 32, 50, 72, 98, 128, 162, 200, 242, 288, 338, 392, 450, 512, 578, 648, 722, 800, 882, 968, 1058] -- Elapsed time: 121.483 ms
23: [2, 8, 18, 32, 50, 72, 98, 128, 162, 200, 242, 288, 338, 392, 450, 512, 578, 648, 722, 800, 882, 968, 1058, 1152] -- Elapsed time: 139.785 ms
24: [2, 8, 18, 32, 50, 72, 98, 128, 162, 200, 242, 288, 338, 392, 450, 512, 578, 648, 722, 800, 882, 968, 1058, 1152, 1250] -- Elapsed time: 164.842 ms
25: [2, 8, 18, 32, 50, 72, 98, 128, 162, 200, 242, 288, 338, 392, 450, 512, 578, 648, 722, 800, 882, 968, 1058, 1152, 1250, 1352] -- Elapsed time: 186.933 ms
26: [2, 8, 18, 32, 50, 72, 98, 128, 162, 200, 242, 288, 338, 392, 450, 512, 578, 648, 722, 800, 882, 968, 1058, 1152, 1250, 1352, 1458] -- Elapsed time: 207.278 ms
27: [2, 8, 18, 32, 50, 72, 98, 128, 162, 200, 242, 288, 338, 392, 450, 512, 578, 648, 722, 800, 882, 968, 1058, 1152, 1250, 1352, 1458, 1568] -- Elapsed time: 226.521 ms
28: [2, 8, 18, 32, 50, 72, 98, 128, 162, 200, 242, 288, 338, 392, 450, 512, 578, 648, 722, 800, 882, 968, 1058, 1152, 1250, 1352, 1458, 1568, 1682] -- Elapsed time: 256.594 ms
29: [2, 8, 18, 32, 50, 72, 98, 128, 162, 200, 242, 288, 338, 392, 450, 512, 578, 648, 722, 800, 882, 968, 1058, 1152, 1250, 1352, 1458, 1568, 1682, 1800] -- Elapsed time: 285.153 ms
30: [2, 8, 18, 32, 50, 72, 98, 128, 162, 200, 242, 288, 338, 392, 450, 512, 578, 648, 722, 800, 882, 968, 1058, 1152, 1250, 1352, 1458, 1568, 1682, 1800, 1922] -- Elapsed time: 309.804 ms
31: [2, 8, 18, 32, 50, 72, 98, 128, 162, 200, 242, 288, 338, 392, 450, 512, 578, 648, 722, 800, 882, 968, 1058, 1152, 1250, 1352, 1458, 1568, 1682, 1800, 1922, 2048] -- Elapsed time: 339.433 ms
32: [2, 8, 18, 32, 50, 72, 98, 128, 162, 200, 242, 288, 338, 392, 450, 512, 578, 648, 722, 800, 882, 968, 1058, 1152, 1250, 1352, 1458, 1568, 1682, 1800, 1922, 2048, 2178] -- Elapsed time: 379.128 ms
33: [2, 8, 18, 32, 50, 72, 98, 128, 162, 200, 242, 288, 338, 392, 450, 512, 578, 648, 722, 800, 882, 968, 1058, 1152, 1250, 1352, 1458, 1568, 1682, 1800, 1922, 2048, 2178, 2312] -- Elapsed time: 446.098 ms
34: [2, 8, 18, 32, 50, 72, 98, 128, 162, 200, 242, 288, 338, 392, 450, 512, 578, 648, 722, 800, 882, 968, 1058, 1152, 1250, 1352, 1458, 1568, 1682, 1800, 1922, 2048, 2178, 2312, 2450] -- Elapsed time: 468.404 ms
35: [2, 8, 18, 32, 50, 72, 98, 128, 162, 200, 242, 288, 338, 392, 450, 512, 578, 648, 722, 800, 882, 968, 1058, 1152, 1250, 1352, 1458, 1568, 1682, 1800, 1922, 2048, 2178, 2312, 2450, 2592] -- Elapsed time: 498.772 ms
36: [2, 8, 18, 32, 50, 72, 98, 128, 162, 200, 242, 288, 338, 392, 450, 512, 578, 648, 722, 800, 882, 968, 1058, 1152, 1250, 1352, 1458, 1568, 1682, 1800, 1922, 2048, 2178, 2312, 2450, 2592, 2738] -- Elapsed time: 541.814 ms
37: [2, 8, 18, 32, 50, 72, 98, 128, 162, 200, 242, 288, 338, 392, 450, 512, 578, 648, 722, 800, 882, 968, 1058, 1152, 1250, 1352, 1458, 1568, 1682, 1800, 1922, 2048, 2178, 2312, 2450, 2592, 2738, 2888] -- Elapsed time: 601.925 ms
38: [2, 8, 18, 32, 50, 72, 98, 128, 162, 200, 242, 288, 338, 392, 450, 512, 578, 648, 722, 800, 882, 968, 1058, 1152, 1250, 1352, 1458, 1568, 1682, 1800, 1922, 2048, 2178, 2312, 2450, 2592, 2738, 2888, 3042] -- Elapsed time: 645.806 ms
39: [2, 8, 18, 32, 50, 72, 98, 128, 162, 200, 242, 288, 338, 392, 450, 512, 578, 648, 722, 800, 882, 968, 1058, 1152, 1250, 1352, 1458, 1568, 1682, 1800, 1922, 2048, 2178, 2312, 2450, 2592, 2738, 2888, 3042, 3200] -- Elapsed time: 707.445 ms
40: [2, 8, 18, 32, 50, 72, 98, 128, 162, 200, 242, 288, 338, 392, 450, 512, 578, 648, 722, 800, 882, 968, 1058, 1152, 1250, 1352, 1458, 1568, 1682, 1800, 1922, 2048, 2178, 2312, 2450, 2592, 2738, 2888, 3042, 3200, 3362] -- Elapsed time: 761.163 ms
41: [2, 8, 18, 32, 50, 72, 98, 128, 162, 200, 242, 288, 338, 392, 450, 512, 578, 648, 722, 800, 882, 968, 1058, 1152, 1250, 1352, 1458, 1568, 1682, 1800, 1922, 2048, 2178, 2312, 2450, 2592, 2738, 2888, 3042, 3200, 3362, 3528] -- Elapsed time: 822.504 ms
42: [2, 8, 18, 32, 50, 72, 98, 128, 162, 200, 242, 288, 338, 392, 450, 512, 578, 648, 722, 800, 882, 968, 1058, 1152, 1250, 1352, 1458, 1568, 1682, 1800, 1922, 2048, 2178, 2312, 2450, 2592, 2738, 2888, 3042, 3200, 3362, 3528, 3698] -- Elapsed time: 888.417 ms
43: [2, 8, 18, 32, 50, 72, 98, 128, 162, 200, 242, 288, 338, 392, 450, 512, 578, 648, 722, 800, 882, 968, 1058, 1152, 1250, 1352, 1458, 1568, 1682, 1800, 1922, 2048, 2178, 2312, 2450, 2592, 2738, 2888, 3042, 3200, 3362, 3528, 3698, 3872] -- Elapsed time: 956.176 ms
44: [2, 8, 18, 32, 50, 72, 98, 128, 162, 200, 242, 288, 338, 392, 450, 512, 578, 648, 722, 800, 882, 968, 1058, 1152, 1250, 1352, 1458, 1568, 1682, 1800, 1922, 2048, 2178, 2312, 2450, 2592, 2738, 2888, 3042, 3200, 3362, 3528, 3698, 3872, 4050] -- Elapsed time: 1032.874 ms
45: [2, 8, 18, 32, 50, 72, 98, 128, 162, 200, 242, 288, 338, 392, 450, 512, 578, 648, 722, 800, 882, 968, 1058, 1152, 1250, 1352, 1458, 1568, 1682, 1800, 1922, 2048, 2178, 2312, 2450, 2592, 2738, 2888, 3042, 3200, 3362, 3528, 3698, 3872, 4050, 4232] -- Elapsed time: 1103.002 ms
46: [2, 8, 18, 32, 50, 72, 98, 128, 162, 200, 242, 288, 338, 392, 450, 512, 578, 648, 722, 800, 882, 968, 1058, 1152, 1250, 1352, 1458, 1568, 1682, 1800, 1922, 2048, 2178, 2312, 2450, 2592, 2738, 2888, 3042, 3200, 3362, 3528, 3698, 3872, 4050, 4232, 4418] -- Elapsed time: 1189.462 ms
47: [2, 8, 18, 32, 50, 72, 98, 128, 162, 200, 242, 288, 338, 392, 450, 512, 578, 648, 722, 800, 882, 968, 1058, 1152, 1250, 1352, 1458, 1568, 1682, 1800, 1922, 2048, 2178, 2312, 2450, 2592, 2738, 2888, 3042, 3200, 3362, 3528, 3698, 3872, 4050, 4232, 4418, 4608] -- Elapsed time: 1272.487 ms
48: [2, 8, 18, 32, 50, 72, 98, 128, 162, 200, 242, 288, 338, 392, 450, 512, 578, 648, 722, 800, 882, 968, 1058, 1152, 1250, 1352, 1458, 1568, 1682, 1800, 1922, 2048, 2178, 2312, 2450, 2592, 2738, 2888, 3042, 3200, 3362, 3528, 3698, 3872, 4050, 4232, 4418, 4608, 4802] -- Elapsed time: 1354.344 ms
49: [2, 8, 18, 32, 50, 72, 98, 128, 162, 200, 242, 288, 338, 392, 450, 512, 578, 648, 722, 800, 882, 968, 1058, 1152, 1250, 1352, 1458, 1568, 1682, 1800, 1922, 2048, 2178, 2312, 2450, 2592, 2738, 2888, 3042, 3200, 3362, 3528, 3698, 3872, 4050, 4232, 4418, 4608, 4802, 5000] -- Elapsed time: 1455.763 ms
50: [2, 8, 18, 32, 50, 72, 98, 128, 162, 200, 242, 288, 338, 392, 450, 512, 578, 648, 722, 800, 882, 968, 1058, 1152, 1250, 1352, 1458, 1568, 1682, 1800, 1922, 2048, 2178, 2312, 2450, 2592, 2738, 2888, 3042, 3200, 3362, 3528, 3698, 3872, 4050, 4232, 4418, 4608, 4802, 5000, 5202] -- Elapsed time: 1547.8 ms
51: [2, 8, 18, 32, 50, 72, 98, 128, 162, 200, 242, 288, 338, 392, 450, 512, 578, 648, 722, 800, 882, 968, 1058, 1152, 1250, 1352, 1458, 1568, 1682, 1800, 1922, 2048, 2178, 2312, 2450, 2592, 2738, 2888, 3042, 3200, 3362, 3528, 3698, 3872, 4050, 4232, 4418, 4608, 4802, 5000, 5202, 5408] -- Elapsed time: 1655.168 ms
52: [2, 8, 18, 32, 50, 72, 98, 128, 162, 200, 242, 288, 338, 392, 450, 512, 578, 648, 722, 800, 882, 968, 1058, 1152, 1250, 1352, 1458, 1568, 1682, 1800, 1922, 2048, 2178, 2312, 2450, 2592, 2738, 2888, 3042, 3200, 3362, 3528, 3698, 3872, 4050, 4232, 4418, 4608, 4802, 5000, 5202, 5408, 5618] -- Elapsed time: 1761.091 ms
53: [2, 8, 18, 32, 50, 72, 98, 128, 162, 200, 242, 288, 338, 392, 450, 512, 578, 648, 722, 800, 882, 968, 1058, 1152, 1250, 1352, 1458, 1568, 1682, 1800, 1922, 2048, 2178, 2312, 2450, 2592, 2738, 2888, 3042, 3200, 3362, 3528, 3698, 3872, 4050, 4232, 4418, 4608, 4802, 5000, 5202, 5408, 5618, 5832] -- Elapsed time: 1884.387 ms
54: [2, 8, 18, 32, 50, 72, 98, 128, 162, 200, 242, 288, 338, 392, 450, 512, 578, 648, 722, 800, 882, 968, 1058, 1152, 1250, 1352, 1458, 1568, 1682, 1800, 1922, 2048, 2178, 2312, 2450, 2592, 2738, 2888, 3042, 3200, 3362, 3528, 3698, 3872, 4050, 4232, 4418, 4608, 4802, 5000, 5202, 5408, 5618, 5832, 6050] -- Elapsed time: 2004.623 ms
55: [2, 8, 18, 32, 50, 72, 98, 128, 162, 200, 242, 288, 338, 392, 450, 512, 578, 648, 722, 800, 882, 968, 1058, 1152, 1250, 1352, 1458, 1568, 1682, 1800, 1922, 2048, 2178, 2312, 2450, 2592, 2738, 2888, 3042, 3200, 3362, 3528, 3698, 3872, 4050, 4232, 4418, 4608, 4802, 5000, 5202, 5408, 5618, 5832, 6050, 6272] -- Elapsed time: 2174.386 ms
56: [2, 8, 18, 32, 50, 72, 98, 128, 162, 200, 242, 288, 338, 392, 450, 512, 578, 648, 722, 800, 882, 968, 1058, 1152, 1250, 1352, 1458, 1568, 1682, 1800, 1922, 2048, 2178, 2312, 2450, 2592, 2738, 2888, 3042, 3200, 3362, 3528, 3698, 3872, 4050, 4232, 4418, 4608, 4802, 5000, 5202, 5408, 5618, 5832, 6050, 6272, 6498] -- Elapsed time: 2268.463 ms
57: [2, 8, 18, 32, 50, 72, 98, 128, 162, 200, 242, 288, 338, 392, 450, 512, 578, 648, 722, 800, 882, 968, 1058, 1152, 1250, 1352, 1458, 1568, 1682, 1800, 1922, 2048, 2178, 2312, 2450, 2592, 2738, 2888, 3042, 3200, 3362, 3528, 3698, 3872, 4050, 4232, 4418, 4608, 4802, 5000, 5202, 5408, 5618, 5832, 6050, 6272, 6498, 6728] -- Elapsed time: 2381.576 ms
58: [2, 8, 18, 32, 50, 72, 98, 128, 162, 200, 242, 288, 338, 392, 450, 512, 578, 648, 722, 800, 882, 968, 1058, 1152, 1250, 1352, 1458, 1568, 1682, 1800, 1922, 2048, 2178, 2312, 2450, 2592, 2738, 2888, 3042, 3200, 3362, 3528, 3698, 3872, 4050, 4232, 4418, 4608, 4802, 5000, 5202, 5408, 5618, 5832, 6050, 6272, 6498, 6728, 6962] -- Elapsed time: 2533.771 ms
59: [2, 8, 18, 32, 50, 72, 98, 128, 162, 200, 242, 288, 338, 392, 450, 512, 578, 648, 722, 800, 882, 968, 1058, 1152, 1250, 1352, 1458, 1568, 1682, 1800, 1922, 2048, 2178, 2312, 2450, 2592, 2738, 2888, 3042, 3200, 3362, 3528, 3698, 3872, 4050, 4232, 4418, 4608, 4802, 5000, 5202, 5408, 5618, 5832, 6050, 6272, 6498, 6728, 6962, 7200] -- Elapsed time: 2674.721 ms
60: [2, 8, 18, 32, 50, 72, 98, 128, 162, 200, 242, 288, 338, 392, 450, 512, 578, 648, 722, 800, 882, 968, 1058, 1152, 1250, 1352, 1458, 1568, 1682, 1800, 1922, 2048, 2178, 2312, 2450, 2592, 2738, 2888, 3042, 3200, 3362, 3528, 3698, 3872, 4050, 4232, 4418, 4608, 4802, 5000, 5202, 5408, 5618, 5832, 6050, 6272, 6498, 6728, 6962, 7200, 7442] -- Elapsed time: 2806.175 ms
61: [2, 8, 18, 32, 50, 72, 98, 128, 162, 200, 242, 288, 338, 392, 450, 512, 578, 648, 722, 800, 882, 968, 1058, 1152, 1250, 1352, 1458, 1568, 1682, 1800, 1922, 2048, 2178, 2312, 2450, 2592, 2738, 2888, 3042, 3200, 3362, 3528, 3698, 3872, 4050, 4232, 4418, 4608, 4802, 5000, 5202, 5408, 5618, 5832, 6050, 6272, 6498, 6728, 6962, 7200, 7442, 7688] -- Elapsed time: 3001.235 ms
62: [2, 8, 18, 32, 50, 72, 98, 128, 162, 200, 242, 288, 338, 392, 450, 512, 578, 648, 722, 800, 882, 968, 1058, 1152, 1250, 1352, 1458, 1568, 1682, 1800, 1922, 2048, 2178, 2312, 2450, 2592, 2738, 2888, 3042, 3200, 3362, 3528, 3698, 3872, 4050, 4232, 4418, 4608, 4802, 5000, 5202, 5408, 5618, 5832, 6050, 6272, 6498, 6728, 6962, 7200, 7442, 7688, 7938] -- Elapsed time: 3116.733 ms
63: [2, 8, 18, 32, 50, 72, 98, 128, 162, 200, 242, 288, 338, 392, 450, 512, 578, 648, 722, 800, 882, 968, 1058, 1152, 1250, 1352, 1458, 1568, 1682, 1800, 1922, 2048, 2178, 2312, 2450, 2592, 2738, 2888, 3042, 3200, 3362, 3528, 3698, 3872, 4050, 4232, 4418, 4608, 4802, 5000, 5202, 5408, 5618, 5832, 6050, 6272, 6498, 6728, 6962, 7200, 7442, 7688, 7938, 8192] -- Elapsed time: 3344.058 ms
64: [2, 8, 18, 32, 50, 72, 98, 128, 162, 200, 242, 288, 338, 392, 450, 512, 578, 648, 722, 800, 882, 968, 1058, 1152, 1250, 1352, 1458, 1568, 1682, 1800, 1922, 2048, 2178, 2312, 2450, 2592, 2738, 2888, 3042, 3200, 3362, 3528, 3698, 3872, 4050, 4232, 4418, 4608, 4802, 5000, 5202, 5408, 5618, 5832, 6050, 6272, 6498, 6728, 6962, 7200, 7442, 7688, 7938, 8192, 8450] -- Elapsed time: 3469.116 ms
65: [2, 8, 18, 32, 50, 72, 98, 128, 162, 200, 242, 288, 338, 392, 450, 512, 578, 648, 722, 800, 882, 968, 1058, 1152, 1250, 1352, 1458, 1568, 1682, 1800, 1922, 2048, 2178, 2312, 2450, 2592, 2738, 2888, 3042, 3200, 3362, 3528, 3698, 3872, 4050, 4232, 4418, 4608, 4802, 5000, 5202, 5408, 5618, 5832, 6050, 6272, 6498, 6728, 6962, 7200, 7442, 7688, 7938, 8192, 8450, 8712] -- Elapsed time: 3634.397 ms
66: [2, 8, 18, 32, 50, 72, 98, 128, 162, 200, 242, 288, 338, 392, 450, 512, 578, 648, 722, 800, 882, 968, 1058, 1152, 1250, 1352, 1458, 1568, 1682, 1800, 1922, 2048, 2178, 2312, 2450, 2592, 2738, 2888, 3042, 3200, 3362, 3528, 3698, 3872, 4050, 4232, 4418, 4608, 4802, 5000, 5202, 5408, 5618, 5832, 6050, 6272, 6498, 6728, 6962, 7200, 7442, 7688, 7938, 8192, 8450, 8712, 8978] -- Elapsed time: 3848.846 ms
67: [2, 8, 18, 32, 50, 72, 98, 128, 162, 200, 242, 288, 338, 392, 450, 512, 578, 648, 722, 800, 882, 968, 1058, 1152, 1250, 1352, 1458, 1568, 1682, 1800, 1922, 2048, 2178, 2312, 2450, 2592, 2738, 2888, 3042, 3200, 3362, 3528, 3698, 3872, 4050, 4232, 4418, 4608, 4802, 5000, 5202, 5408, 5618, 5832, 6050, 6272, 6498, 6728, 6962, 7200, 7442, 7688, 7938, 8192, 8450, 8712, 8978, 9248] -- Elapsed time: 4045.494 ms      
68: [2, 8, 18, 32, 50, 72, 98, 128, 162, 200, 242, 288, 338, 392, 450, 512, 578, 648, 722, 800, 882, 968, 1058, 1152, 1250, 1352, 1458, 1568, 1682, 1800, 1922, 2048, 2178, 2312, 2450, 2592, 2738, 2888, 3042, 3200, 3362, 3528, 3698, 3872, 4050, 4232, 4418, 4608, 4802, 5000, 5202, 5408, 5618, 5832, 6050, 6272, 6498, 6728, 6962, 7200, 7442, 7688, 7938, 8192, 8450, 8712, 8978, 9248, 9522] -- Elapsed time: 4266.33 ms 
69: [2, 8, 18, 32, 50, 72, 98, 128, 162, 200, 242, 288, 338, 392, 450, 512, 578, 648, 722, 800, 882, 968, 1058, 1152, 1250, 1352, 1458, 1568, 1682, 1800, 1922, 2048, 2178, 2312, 2450, 2592, 2738, 2888, 3042, 3200, 3362, 3528, 3698, 3872, 4050, 4232, 4418, 4608, 4802, 5000, 5202, 5408, 5618, 5832, 6050, 6272, 6498, 6728, 6962, 7200, 7442, 7688, 7938, 8192, 8450, 8712, 8978, 9248, 9522, 9800] -- Elapsed time: 4511.593 ms
70: [2, 8, 18, 32, 50, 72, 98, 128, 162, 200, 242, 288, 338, 392, 450, 512, 578, 648, 722, 800, 882, 968, 1058, 1152, 1250, 1352, 1458, 1568, 1682, 1800, 1922, 2048, 2178, 2312, 2450, 2592, 2738, 2888, 3042, 3200, 3362, 3528, 3698, 3872, 4050, 4232, 4418, 4608, 4802, 5000, 5202, 5408, 5618, 5832, 6050, 6272, 6498, 6728, 6962, 7200, 7442, 7688, 7938, 8192, 8450, 8712, 8978, 9248, 9522, 9800, 10082] -- Elapsed time: 4694.558 ms
71: [2, 8, 18, 32, 50, 72, 98, 128, 162, 200, 242, 288, 338, 392, 450, 512, 578, 648, 722, 800, 882, 968, 1058, 1152, 1250, 1352, 1458, 1568, 1682, 1800, 1922, 2048, 2178, 2312, 2450, 2592, 2738, 2888, 3042, 3200, 3362, 3528, 3698, 3872, 4050, 4232, 4418, 4608, 4802, 5000, 5202, 5408, 5618, 5832, 6050, 6272, 6498, 6728, 6962, 7200, 7442, 7688, 7938, 8192, 8450, 8712, 8978, 9248, 9522, 9800, 10082, 10368] -- Elapsed time: 4966.471 ms
72: [2, 8, 18, 32, 50, 72, 98, 128, 162, 200, 242, 288, 338, 392, 450, 512, 578, 648, 722, 800, 882, 968, 1058, 1152, 1250, 1352, 1458, 1568, 1682, 1800, 1922, 2048, 2178, 2312, 2450, 2592, 2738, 2888, 3042, 3200, 3362, 3528, 3698, 3872, 4050, 4232, 4418, 4608, 4802, 5000, 5202, 5408, 5618, 5832, 6050, 6272, 6498, 6728, 6962, 7200, 7442, 7688, 7938, 8192, 8450, 8712, 8978, 9248, 9522, 9800, 10082, 10368, 10658] -- Elapsed time: 5196.043 ms
73: [2, 8, 18, 32, 50, 72, 98, 128, 162, 200, 242, 288, 338, 392, 450, 512, 578, 648, 722, 800, 882, 968, 1058, 1152, 1250, 1352, 1458, 1568, 1682, 1800, 1922, 2048, 2178, 2312, 2450, 2592, 2738, 2888, 3042, 3200, 3362, 3528, 3698, 3872, 4050, 4232, 4418, 4608, 4802, 5000, 5202, 5408, 5618, 5832, 6050, 6272, 6498, 6728, 6962, 7200, 7442, 7688, 7938, 8192, 8450, 8712, 8978, 9248, 9522, 9800, 10082, 10368, 10658, 10952] -- Elapsed time: 5472.001 ms
74: [2, 8, 18, 32, 50, 72, 98, 128, 162, 200, 242, 288, 338, 392, 450, 512, 578, 648, 722, 800, 882, 968, 1058, 1152, 1250, 1352, 1458, 1568, 1682, 1800, 1922, 2048, 2178, 2312, 2450, 2592, 2738, 2888, 3042, 3200, 3362, 3528, 3698, 3872, 4050, 4232, 4418, 4608, 4802, 5000, 5202, 5408, 5618, 5832, 6050, 6272, 6498, 6728, 6962, 7200, 7442, 7688, 7938, 8192, 8450, 8712, 8978, 9248, 9522, 9800, 10082, 10368, 10658, 10952, 11250] -- Elapsed time: 5774.301 ms
75: [2, 8, 18, 32, 50, 72, 98, 128, 162, 200, 242, 288, 338, 392, 450, 512, 578, 648, 722, 800, 882, 968, 1058, 1152, 1250, 1352, 1458, 1568, 1682, 1800, 1922, 2048, 2178, 2312, 2450, 2592, 2738, 2888, 3042, 3200, 3362, 3528, 3698, 3872, 4050, 4232, 4418, 4608, 4802, 5000, 5202, 5408, 5618, 5832, 6050, 6272, 6498, 6728, 6962, 7200, 7442, 7688, 7938, 8192, 8450, 8712, 8978, 9248, 9522, 9800, 10082, 10368, 10658, 10952, 11250, 11552] -- Elapsed time: 6112.335 ms
76: [2, 8, 18, 32, 50, 72, 98, 128, 162, 200, 242, 288, 338, 392, 450, 512, 578, 648, 722, 800, 882, 968, 1058, 1152, 1250, 1352, 1458, 1568, 1682, 1800, 1922, 2048, 2178, 2312, 2450, 2592, 2738, 2888, 3042, 3200, 3362, 3528, 3698, 3872, 4050, 4232, 4418, 4608, 4802, 5000, 5202, 5408, 5618, 5832, 6050, 6272, 6498, 6728, 6962, 7200, 7442, 7688, 7938, 8192, 8450, 8712, 8978, 9248, 9522, 9800, 10082, 10368, 10658, 10952, 11250, 11552, 11858] -- Elapsed time: 6486.143 ms
77: [2, 8, 18, 32, 50, 72, 98, 128, 162, 200, 242, 288, 338, 392, 450, 512, 578, 648, 722, 800, 882, 968, 1058, 1152, 1250, 1352, 1458, 1568, 1682, 1800, 1922, 2048, 2178, 2312, 2450, 2592, 2738, 2888, 3042, 3200, 3362, 3528, 3698, 3872, 4050, 4232, 4418, 4608, 4802, 5000, 5202, 5408, 5618, 5832, 6050, 6272, 6498, 6728, 6962, 7200, 7442, 7688, 7938, 8192, 8450, 8712, 8978, 9248, 9522, 9800, 10082, 10368, 10658, 10952, 11250, 11552, 11858, 12168] -- Elapsed time: 6537.395 ms
78: [2, 8, 18, 32, 50, 72, 98, 128, 162, 200, 242, 288, 338, 392, 450, 512, 578, 648, 722, 800, 882, 968, 1058, 1152, 1250, 1352, 1458, 1568, 1682, 1800, 1922, 2048, 2178, 2312, 2450, 2592, 2738, 2888, 3042, 3200, 3362, 3528, 3698, 3872, 4050, 4232, 4418, 4608, 4802, 5000, 5202, 5408, 5618, 5832, 6050, 6272, 6498, 6728, 6962, 7200, 7442, 7688, 7938, 8192, 8450, 8712, 8978, 9248, 9522, 9800, 10082, 10368, 10658, 10952, 11250, 11552, 11858, 12168, 12482] -- Elapsed time: 6886.084 ms
79: [2, 8, 18, 32, 50, 72, 98, 128, 162, 200, 242, 288, 338, 392, 450, 512, 578, 648, 722, 800, 882, 968, 1058, 1152, 1250, 1352, 1458, 1568, 1682, 1800, 1922, 2048, 2178, 2312, 2450, 2592, 2738, 2888, 3042, 3200, 3362, 3528, 3698, 3872, 4050, 4232, 4418, 4608, 4802, 5000, 5202, 5408, 5618, 5832, 6050, 6272, 6498, 6728, 6962, 7200, 7442, 7688, 7938, 8192, 8450, 8712, 8978, 9248, 9522, 9800, 10082, 10368, 10658, 10952, 11250, 11552, 11858, 12168, 12482, 12800] -- Elapsed time: 7146.504 ms
80: [2, 8, 18, 32, 50, 72, 98, 128, 162, 200, 242, 288, 338, 392, 450, 512, 578, 648, 722, 800, 882, 968, 1058, 1152, 1250, 1352, 1458, 1568, 1682, 1800, 1922, 2048, 2178, 2312, 2450, 2592, 2738, 2888, 3042, 3200, 3362, 3528, 3698, 3872, 4050, 4232, 4418, 4608, 4802, 5000, 5202, 5408, 5618, 5832, 6050, 6272, 6498, 6728, 6962, 7200, 7442, 7688, 7938, 8192, 8450, 8712, 8978, 9248, 9522, 9800, 10082, 10368, 10658, 10952, 11250, 11552, 11858, 12168, 12482, 12800, 13122] -- Elapsed time: 7541.622 ms
81: [2, 8, 18, 32, 50, 72, 98, 128, 162, 200, 242, 288, 338, 392, 450, 512, 578, 648, 722, 800, 882, 968, 1058, 1152, 1250, 1352, 1458, 1568, 1682, 1800, 1922, 2048, 2178, 2312, 2450, 2592, 2738, 2888, 3042, 3200, 3362, 3528, 3698, 3872, 4050, 4232, 4418, 4608, 4802, 5000, 5202, 5408, 5618, 5832, 6050, 6272, 6498, 6728, 6962, 7200, 7442, 7688, 7938, 8192, 8450, 8712, 8978, 9248, 9522, 9800, 10082, 10368, 10658, 10952, 11250, 11552, 11858, 12168, 12482, 12800, 13122, 13448] -- Elapsed time: 7863.756 ms
82: [2, 8, 18, 32, 50, 72, 98, 128, 162, 200, 242, 288, 338, 392, 450, 512, 578, 648, 722, 800, 882, 968, 1058, 1152, 1250, 1352, 1458, 1568, 1682, 1800, 1922, 2048, 2178, 2312, 2450, 2592, 2738, 2888, 3042, 3200, 3362, 3528, 3698, 3872, 4050, 4232, 4418, 4608, 4802, 5000, 5202, 5408, 5618, 5832, 6050, 6272, 6498, 6728, 6962, 7200, 7442, 7688, 7938, 8192, 8450, 8712, 8978, 9248, 9522, 9800, 10082, 10368, 10658, 10952, 11250, 11552, 11858, 12168, 12482, 12800, 13122, 13448, 13778] -- Elapsed time: 8137.207 ms
83: [2, 8, 18, 32, 50, 72, 98, 128, 162, 200, 242, 288, 338, 392, 450, 512, 578, 648, 722, 800, 882, 968, 1058, 1152, 1250, 1352, 1458, 1568, 1682, 1800, 1922, 2048, 2178, 2312, 2450, 2592, 2738, 2888, 3042, 3200, 3362, 3528, 3698, 3872, 4050, 4232, 4418, 4608, 4802, 5000, 5202, 5408, 5618, 5832, 6050, 6272, 6498, 6728, 6962, 7200, 7442, 7688, 7938, 8192, 8450, 8712, 8978, 9248, 9522, 9800, 10082, 10368, 10658, 10952, 11250, 11552, 11858, 12168, 12482, 12800, 13122, 13448, 13778, 14112] -- Elapsed time: 8667.46 ms
84: [2, 8, 18, 32, 50, 72, 98, 128, 162, 200, 242, 288, 338, 392, 450, 512, 578, 648, 722, 800, 882, 968, 1058, 1152, 1250, 1352, 1458, 1568, 1682, 1800, 1922, 2048, 2178, 2312, 2450, 2592, 2738, 2888, 3042, 3200, 3362, 3528, 3698, 3872, 4050, 4232, 4418, 4608, 4802, 5000, 5202, 5408, 5618, 5832, 6050, 6272, 6498, 6728, 6962, 7200, 7442, 7688, 7938, 8192, 8450, 8712, 8978, 9248, 9522, 9800, 10082, 10368, 10658, 10952, 11250, 11552, 11858, 12168, 12482, 12800, 13122, 13448, 13778, 14112, 14450] -- Elapsed time: 8861.682 ms
85: [2, 8, 18, 32, 50, 72, 98, 128, 162, 200, 242, 288, 338, 392, 450, 512, 578, 648, 722, 800, 882, 968, 1058, 1152, 1250, 1352, 1458, 1568, 1682, 1800, 1922, 2048, 2178, 2312, 2450, 2592, 2738, 2888, 3042, 3200, 3362, 3528, 3698, 3872, 4050, 4232, 4418, 4608, 4802, 5000, 5202, 5408, 5618, 5832, 6050, 6272, 6498, 6728, 6962, 7200, 7442, 7688, 7938, 8192, 8450, 8712, 8978, 9248, 9522, 9800, 10082, 10368, 10658, 10952, 11250, 11552, 11858, 12168, 12482, 12800, 13122, 13448, 13778, 14112, 14450, 14792] -- Elapsed time: 9223.186 ms
86: [2, 8, 18, 32, 50, 72, 98, 128, 162, 200, 242, 288, 338, 392, 450, 512, 578, 648, 722, 800, 882, 968, 1058, 1152, 1250, 1352, 1458, 1568, 1682, 1800, 1922, 2048, 2178, 2312, 2450, 2592, 2738, 2888, 3042, 3200, 3362, 3528, 3698, 3872, 4050, 4232, 4418, 4608, 4802, 5000, 5202, 5408, 5618, 5832, 6050, 6272, 6498, 6728, 6962, 7200, 7442, 7688, 7938, 8192, 8450, 8712, 8978, 9248, 9522, 9800, 10082, 10368, 10658, 10952, 11250, 11552, 11858, 12168, 12482, 12800, 13122, 13448, 13778, 14112, 14450, 14792, 15138] -- Elapsed time: 9665.604 ms
87: [2, 8, 18, 32, 50, 72, 98, 128, 162, 200, 242, 288, 338, 392, 450, 512, 578, 648, 722, 800, 882, 968, 1058, 1152, 1250, 1352, 1458, 1568, 1682, 1800, 1922, 2048, 2178, 2312, 2450, 2592, 2738, 2888, 3042, 3200, 3362, 3528, 3698, 3872, 4050, 4232, 4418, 4608, 4802, 5000, 5202, 5408, 5618, 5832, 6050, 6272, 6498, 6728, 6962, 7200, 7442, 7688, 7938, 8192, 8450, 8712, 8978, 9248, 9522, 9800, 10082, 10368, 10658, 10952, 11250, 11552, 11858, 12168, 12482, 12800, 13122, 13448, 13778, 14112, 14450, 14792, 15138, 15488] -- Elapsed time: 10004.495 ms
88: [2, 8, 18, 32, 50, 72, 98, 128, 162, 200, 242, 288, 338, 392, 450, 512, 578, 648, 722, 800, 882, 968, 1058, 1152, 1250, 1352, 1458, 1568, 1682, 1800, 1922, 2048, 2178, 2312, 2450, 2592, 2738, 2888, 3042, 3200, 3362, 3528, 3698, 3872, 4050, 4232, 4418, 4608, 4802, 5000, 5202, 5408, 5618, 5832, 6050, 6272, 6498, 6728, 6962, 7200, 7442, 7688, 7938, 8192, 8450, 8712, 8978, 9248, 9522, 9800, 10082, 10368, 10658, 10952, 11250, 11552, 11858, 12168, 12482, 12800, 13122, 13448, 13778, 14112, 14450, 14792, 15138, 15488, 15842] -- Elapsed time: 10386.843 ms
89: [2, 8, 18, 32, 50, 72, 98, 128, 162, 200, 242, 288, 338, 392, 450, 512, 578, 648, 722, 800, 882, 968, 1058, 1152, 1250, 1352, 1458, 1568, 1682, 1800, 1922, 2048, 2178, 2312, 2450, 2592, 2738, 2888, 3042, 3200, 3362, 3528, 3698, 3872, 4050, 4232, 4418, 4608, 4802, 5000, 5202, 5408, 5618, 5832, 6050, 6272, 6498, 6728, 6962, 7200, 7442, 7688, 7938, 8192, 8450, 8712, 8978, 9248, 9522, 9800, 10082, 10368, 10658, 10952, 11250, 11552, 11858, 12168, 12482, 12800, 13122, 13448, 13778, 14112, 14450, 14792, 15138, 15488, 15842, 16200] -- Elapsed time: 10756.749 ms
90: [2, 8, 18, 32, 50, 72, 98, 128, 162, 200, 242, 288, 338, 392, 450, 512, 578, 648, 722, 800, 882, 968, 1058, 1152, 1250, 1352, 1458, 1568, 1682, 1800, 1922, 2048, 2178, 2312, 2450, 2592, 2738, 2888, 3042, 3200, 3362, 3528, 3698, 3872, 4050, 4232, 4418, 4608, 4802, 5000, 5202, 5408, 5618, 5832, 6050, 6272, 6498, 6728, 6962, 7200, 7442, 7688, 7938, 8192, 8450, 8712, 8978, 9248, 9522, 9800, 10082, 10368, 10658, 10952, 11250, 11552, 11858, 12168, 12482, 12800, 13122, 13448, 13778, 14112, 14450, 14792, 15138, 15488, 15842, 16200, 16562] -- Elapsed time: 11241.085 ms
91: [2, 8, 18, 32, 50, 72, 98, 128, 162, 200, 242, 288, 338, 392, 450, 512, 578, 648, 722, 800, 882, 968, 1058, 1152, 1250, 1352, 1458, 1568, 1682, 1800, 1922, 2048, 2178, 2312, 2450, 2592, 2738, 2888, 3042, 3200, 3362, 3528, 3698, 3872, 4050, 4232, 4418, 4608, 4802, 5000, 5202, 5408, 5618, 5832, 6050, 6272, 6498, 6728, 6962, 7200, 7442, 7688, 7938, 8192, 8450, 8712, 8978, 9248, 9522, 9800, 10082, 10368, 10658, 10952, 11250, 11552, 11858, 12168, 12482, 12800, 13122, 13448, 13778, 14112, 14450, 14792, 15138, 15488, 15842, 16200, 16562, 16928] -- Elapsed time: 11674.038 ms
92: [2, 8, 18, 32, 50, 72, 98, 128, 162, 200, 242, 288, 338, 392, 450, 512, 578, 648, 722, 800, 882, 968, 1058, 1152, 1250, 1352, 1458, 1568, 1682, 1800, 1922, 2048, 2178, 2312, 2450, 2592, 2738, 2888, 3042, 3200, 3362, 3528, 3698, 3872, 4050, 4232, 4418, 4608, 4802, 5000, 5202, 5408, 5618, 5832, 6050, 6272, 6498, 6728, 6962, 7200, 7442, 7688, 7938, 8192, 8450, 8712, 8978, 9248, 9522, 9800, 10082, 10368, 10658, 10952, 11250, 11552, 11858, 12168, 12482, 12800, 13122, 13448, 13778, 14112, 14450, 14792, 15138, 15488, 15842, 16200, 16562, 16928, 17298] -- Elapsed time: 12167.068 ms
93: [2, 8, 18, 32, 50, 72, 98, 128, 162, 200, 242, 288, 338, 392, 450, 512, 578, 648, 722, 800, 882, 968, 1058, 1152, 1250, 1352, 1458, 1568, 1682, 1800, 1922, 2048, 2178, 2312, 2450, 2592, 2738, 2888, 3042, 3200, 3362, 3528, 3698, 3872, 4050, 4232, 4418, 4608, 4802, 5000, 5202, 5408, 5618, 5832, 6050, 6272, 6498, 6728, 6962, 7200, 7442, 7688, 7938, 8192, 8450, 8712, 8978, 9248, 9522, 9800, 10082, 10368, 10658, 10952, 11250, 11552, 11858, 12168, 12482, 12800, 13122, 13448, 13778, 14112, 14450, 14792, 15138, 15488, 15842, 16200, 16562, 16928, 17298, 17672] -- Elapsed time: 12614.306 ms
94: [2, 8, 18, 32, 50, 72, 98, 128, 162, 200, 242, 288, 338, 392, 450, 512, 578, 648, 722, 800, 882, 968, 1058, 1152, 1250, 1352, 1458, 1568, 1682, 1800, 1922, 2048, 2178, 2312, 2450, 2592, 2738, 2888, 3042, 3200, 3362, 3528, 3698, 3872, 4050, 4232, 4418, 4608, 4802, 5000, 5202, 5408, 5618, 5832, 6050, 6272, 6498, 6728, 6962, 7200, 7442, 7688, 7938, 8192, 8450, 8712, 8978, 9248, 9522, 9800, 10082, 10368, 10658, 10952, 11250, 11552, 11858, 12168, 12482, 12800, 13122, 13448, 13778, 14112, 14450, 14792, 15138, 15488, 15842, 16200, 16562, 16928, 17298, 17672, 18050] -- Elapsed time: 13149.93 ms
95: [2, 8, 18, 32, 50, 72, 98, 128, 162, 200, 242, 288, 338, 392, 450, 512, 578, 648, 722, 800, 882, 968, 1058, 1152, 1250, 1352, 1458, 1568, 1682, 1800, 1922, 2048, 2178, 2312, 2450, 2592, 2738, 2888, 3042, 3200, 3362, 3528, 3698, 3872, 4050, 4232, 4418, 4608, 4802, 5000, 5202, 5408, 5618, 5832, 6050, 6272, 6498, 6728, 6962, 7200, 7442, 7688, 7938, 8192, 8450, 8712, 8978, 9248, 9522, 9800, 10082, 10368, 10658, 10952, 11250, 11552, 11858, 12168, 12482, 12800, 13122, 13448, 13778, 14112, 14450, 14792, 15138, 15488, 15842, 16200, 16562, 16928, 17298, 17672, 18050, 18432] -- Elapsed time: 13688.797 ms
96: [2, 8, 18, 32, 50, 72, 98, 128, 162, 200, 242, 288, 338, 392, 450, 512, 578, 648, 722, 800, 882, 968, 1058, 1152, 1250, 1352, 1458, 1568, 1682, 1800, 1922, 2048, 2178, 2312, 2450, 2592, 2738, 2888, 3042, 3200, 3362, 3528, 3698, 3872, 4050, 4232, 4418, 4608, 4802, 5000, 5202, 5408, 5618, 5832, 6050, 6272, 6498, 6728, 6962, 7200, 7442, 7688, 7938, 8192, 8450, 8712, 8978, 9248, 9522, 9800, 10082, 10368, 10658, 10952, 11250, 11552, 11858, 12168, 12482, 12800, 13122, 13448, 13778, 14112, 14450, 14792, 15138, 15488, 15842, 16200, 16562, 16928, 17298, 17672, 18050, 18432, 18818] -- Elapsed time: 14209.311 ms
97: [2, 8, 18, 32, 50, 72, 98, 128, 162, 200, 242, 288, 338, 392, 450, 512, 578, 648, 722, 800, 882, 968, 1058, 1152, 1250, 1352, 1458, 1568, 1682, 1800, 1922, 2048, 2178, 2312, 2450, 2592, 2738, 2888, 3042, 3200, 3362, 3528, 3698, 3872, 4050, 4232, 4418, 4608, 4802, 5000, 5202, 5408, 5618, 5832, 6050, 6272, 6498, 6728, 6962, 7200, 7442, 7688, 7938, 8192, 8450, 8712, 8978, 9248, 9522, 9800, 10082, 10368, 10658, 10952, 11250, 11552, 11858, 12168, 12482, 12800, 13122, 13448, 13778, 14112, 14450, 14792, 15138, 15488, 15842, 16200, 16562, 16928, 17298, 17672, 18050, 18432, 18818, 19208] -- Elapsed time: 14819.027 ms     
98: [2, 8, 18, 32, 50, 72, 98, 128, 162, 200, 242, 288, 338, 392, 450, 512, 578, 648, 722, 800, 882, 968, 1058, 1152, 1250, 1352, 1458, 1568, 1682, 1800, 1922, 2048, 2178, 2312, 2450, 2592, 2738, 2888, 3042, 3200, 3362, 3528, 3698, 3872, 4050, 4232, 4418, 4608, 4802, 5000, 5202, 5408, 5618, 5832, 6050, 6272, 6498, 6728, 6962, 7200, 7442, 7688, 7938, 8192, 8450, 8712, 8978, 9248, 9522, 9800, 10082, 10368, 10658, 10952, 11250, 11552, 11858, 12168, 12482, 12800, 13122, 13448, 13778, 14112, 14450, 14792, 15138, 15488, 15842, 16200, 16562, 16928, 17298, 17672, 18050, 18432, 18818, 19208, 19602] -- Elapsed time: 15482.33 ms
99: [2, 8, 18, 32, 50, 72, 98, 128, 162, 200, 242, 288, 338, 392, 450, 512, 578, 648, 722, 800, 882, 968, 1058, 1152, 1250, 1352, 1458, 1568, 1682, 1800, 1922, 2048, 2178, 2312, 2450, 2592, 2738, 2888, 3042, 3200, 3362, 3528, 3698, 3872, 4050, 4232, 4418, 4608, 4802, 5000, 5202, 5408, 5618, 5832, 6050, 6272, 6498, 6728, 6962, 7200, 7442, 7688, 7938, 8192, 8450, 8712, 8978, 9248, 9522, 9800, 10082, 10368, 10658, 10952, 11250, 11552, 11858, 12168, 12482, 12800, 13122, 13448, 13778, 14112, 14450, 14792, 15138, 15488, 15842, 16200, 16562, 16928, 17298, 17672, 18050, 18432, 18818, 19208, 19602, 20000] -- Elapsed time: 16047.561 ms
100: [2, 8, 18, 32, 50, 72, 98, 128, 162, 200, 242, 288, 338, 392, 450, 512, 578, 648, 722, 800, 882, 968, 1058, 1152, 1250, 1352, 1458, 1568, 1682, 1800, 1922, 2048, 2178, 2312, 2450, 2592, 2738, 2888, 3042, 3200, 3362, 3528, 3698, 3872, 4050, 4232, 4418, 4608, 4802, 5000, 5202, 5408, 5618, 5832, 6050, 6272, 6498, 6728, 6962, 7200, 7442, 7688, 7938, 8192, 8450, 8712, 8978, 9248, 9522, 9800, 10082, 10368, 10658, 10952, 11250, 11552, 11858, 12168, 12482, 12800, 13122, 13448, 13778, 14112, 14450, 14792, 15138, 15488, 15842, 16200, 16562, 16928, 17298, 17672, 18050, 18432, 18818, 19208, 19602, 20000, 20402] -- Elapsed time: 16542.544 ms
101: [2, 8, 18, 32, 50, 72, 98, 128, 162, 200, 242, 288, 338, 392, 450, 512, 578, 648, 722, 800, 882, 968, 1058, 1152, 1250, 1352, 1458, 1568, 1682, 1800, 1922, 2048, 2178, 2312, 2450, 2592, 2738, 2888, 3042, 3200, 3362, 3528, 3698, 3872, 4050, 4232, 4418, 4608, 4802, 5000, 5202, 5408, 5618, 5832, 6050, 6272, 6498, 6728, 6962, 7200, 7442, 7688, 7938, 8192, 8450, 8712, 8978, 9248, 9522, 9800, 10082, 10368, 10658, 10952, 11250, 11552, 11858, 12168, 12482, 12800, 13122, 13448, 13778, 14112, 14450, 14792, 15138, 15488, 15842, 16200, 16562, 16928, 17298, 17672, 18050, 18432, 18818, 19208, 19602, 20000, 20402, 20808] -- Elapsed time: 17296.367 ms
102: [2, 8, 18, 32, 50, 72, 98, 128, 162, 200, 242, 288, 338, 392, 450, 512, 578, 648, 722, 800, 882, 968, 1058, 1152, 1250, 1352, 1458, 1568, 1682, 1800, 1922, 2048, 2178, 2312, 2450, 2592, 2738, 2888, 3042, 3200, 3362, 3528, 3698, 3872, 4050, 4232, 4418, 4608, 4802, 5000, 5202, 5408, 5618, 5832, 6050, 6272, 6498, 6728, 6962, 7200, 7442, 7688, 7938, 8192, 8450, 8712, 8978, 9248, 9522, 9800, 10082, 10368, 10658, 10952, 11250, 11552, 11858, 12168, 12482, 12800, 13122, 13448, 13778, 14112, 14450, 14792, 15138, 15488, 15842, 16200, 16562, 16928, 17298, 17672, 18050, 18432, 18818, 19208, 19602, 20000, 20402, 20808, 21218] -- Elapsed time: 18027.778 ms
103: [2, 8, 18, 32, 50, 72, 98, 128, 162, 200, 242, 288, 338, 392, 450, 512, 578, 648, 722, 800, 882, 968, 1058, 1152, 1250, 1352, 1458, 1568, 1682, 1800, 1922, 2048, 2178, 2312, 2450, 2592, 2738, 2888, 3042, 3200, 3362, 3528, 3698, 3872, 4050, 4232, 4418, 4608, 4802, 5000, 5202, 5408, 5618, 5832, 6050, 6272, 6498, 6728, 6962, 7200, 7442, 7688, 7938, 8192, 8450, 8712, 8978, 9248, 9522, 9800, 10082, 10368, 10658, 10952, 11250, 11552, 11858, 12168, 12482, 12800, 13122, 13448, 13778, 14112, 14450, 14792, 15138, 15488, 15842, 16200, 16562, 16928, 17298, 17672, 18050, 18432, 18818, 19208, 19602, 20000, 20402, 20808, 21218, 21632] -- Elapsed time: 18515.247 ms
104: [2, 8, 18, 32, 50, 72, 98, 128, 162, 200, 242, 288, 338, 392, 450, 512, 578, 648, 722, 800, 882, 968, 1058, 1152, 1250, 1352, 1458, 1568, 1682, 1800, 1922, 2048, 2178, 2312, 2450, 2592, 2738, 2888, 3042, 3200, 3362, 3528, 3698, 3872, 4050, 4232, 4418, 4608, 4802, 5000, 5202, 5408, 5618, 5832, 6050, 6272, 6498, 6728, 6962, 7200, 7442, 7688, 7938, 8192, 8450, 8712, 8978, 9248, 9522, 9800, 10082, 10368, 10658, 10952, 11250, 11552, 11858, 12168, 12482, 12800, 13122, 13448, 13778, 14112, 14450, 14792, 15138, 15488, 15842, 16200, 16562, 16928, 17298, 17672, 18050, 18432, 18818, 19208, 19602, 20000, 20402, 20808, 21218, 21632, 22050] -- Elapsed time: 19047.569 ms
105: [2, 8, 18, 32, 50, 72, 98, 128, 162, 200, 242, 288, 338, 392, 450, 512, 578, 648, 722, 800, 882, 968, 1058, 1152, 1250, 1352, 1458, 1568, 1682, 1800, 1922, 2048, 2178, 2312, 2450, 2592, 2738, 2888, 3042, 3200, 3362, 3528, 3698, 3872, 4050, 4232, 4418, 4608, 4802, 5000, 5202, 5408, 5618, 5832, 6050, 6272, 6498, 6728, 6962, 7200, 7442, 7688, 7938, 8192, 8450, 8712, 8978, 9248, 9522, 9800, 10082, 10368, 10658, 10952, 11250, 11552, 11858, 12168, 12482, 12800, 13122, 13448, 13778, 14112, 14450, 14792, 15138, 15488, 15842, 16200, 16562, 16928, 17298, 17672, 18050, 18432, 18818, 19208, 19602, 20000, 20402, 20808, 21218, 21632, 22050, 22472] -- Elapsed time: 19719.489 ms
106: [2, 8, 18, 32, 50, 72, 98, 128, 162, 200, 242, 288, 338, 392, 450, 512, 578, 648, 722, 800, 882, 968, 1058, 1152, 1250, 1352, 1458, 1568, 1682, 1800, 1922, 2048, 2178, 2312, 2450, 2592, 2738, 2888, 3042, 3200, 3362, 3528, 3698, 3872, 4050, 4232, 4418, 4608, 4802, 5000, 5202, 5408, 5618, 5832, 6050, 6272, 6498, 6728, 6962, 7200, 7442, 7688, 7938, 8192, 8450, 8712, 8978, 9248, 9522, 9800, 10082, 10368, 10658, 10952, 11250, 11552, 11858, 12168, 12482, 12800, 13122, 13448, 13778, 14112, 14450, 14792, 15138, 15488, 15842, 16200, 16562, 16928, 17298, 17672, 18050, 18432, 18818, 19208, 19602, 20000, 20402, 20808, 21218, 21632, 22050, 22472, 22898] -- Elapsed time: 20369.518 ms
107: [2, 8, 18, 32, 50, 72, 98, 128, 162, 200, 242, 288, 338, 392, 450, 512, 578, 648, 722, 800, 882, 968, 1058, 1152, 1250, 1352, 1458, 1568, 1682, 1800, 1922, 2048, 2178, 2312, 2450, 2592, 2738, 2888, 3042, 3200, 3362, 3528, 3698, 3872, 4050, 4232, 4418, 4608, 4802, 5000, 5202, 5408, 5618, 5832, 6050, 6272, 6498, 6728, 6962, 7200, 7442, 7688, 7938, 8192, 8450, 8712, 8978, 9248, 9522, 9800, 10082, 10368, 10658, 10952, 11250, 11552, 11858, 12168, 12482, 12800, 13122, 13448, 13778, 14112, 14450, 14792, 15138, 15488, 15842, 16200, 16562, 16928, 17298, 17672, 18050, 18432, 18818, 19208, 19602, 20000, 20402, 20808, 21218, 21632, 22050, 22472, 22898, 23328] -- Elapsed time: 20993.74 ms
108: [2, 8, 18, 32, 50, 72, 98, 128, 162, 200, 242, 288, 338, 392, 450, 512, 578, 648, 722, 800, 882, 968, 1058, 1152, 1250, 1352, 1458, 1568, 1682, 1800, 1922, 2048, 2178, 2312, 2450, 2592, 2738, 2888, 3042, 3200, 3362, 3528, 3698, 3872, 4050, 4232, 4418, 4608, 4802, 5000, 5202, 5408, 5618, 5832, 6050, 6272, 6498, 6728, 6962, 7200, 7442, 7688, 7938, 8192, 8450, 8712, 8978, 9248, 9522, 9800, 10082, 10368, 10658, 10952, 11250, 11552, 11858, 12168, 12482, 12800, 13122, 13448, 13778, 14112, 14450, 14792, 15138, 15488, 15842, 16200, 16562, 16928, 17298, 17672, 18050, 18432, 18818, 19208, 19602, 20000, 20402, 20808, 21218, 21632, 22050, 22472, 22898, 23328, 23762] -- Elapsed time: 21816.514 ms
109: [2, 8, 18, 32, 50, 72, 98, 128, 162, 200, 242, 288, 338, 392, 450, 512, 578, 648, 722, 800, 882, 968, 1058, 1152, 1250, 1352, 1458, 1568, 1682, 1800, 1922, 2048, 2178, 2312, 2450, 2592, 2738, 2888, 3042, 3200, 3362, 3528, 3698, 3872, 4050, 4232, 4418, 4608, 4802, 5000, 5202, 5408, 5618, 5832, 6050, 6272, 6498, 6728, 6962, 7200, 7442, 7688, 7938, 8192, 8450, 8712, 8978, 9248, 9522, 9800, 10082, 10368, 10658, 10952, 11250, 11552, 11858, 12168, 12482, 12800, 13122, 13448, 13778, 14112, 14450, 14792, 15138, 15488, 15842, 16200, 16562, 16928, 17298, 17672, 18050, 18432, 18818, 19208, 19602, 20000, 20402, 20808, 21218, 21632, 22050, 22472, 22898, 23328, 23762, 24200] -- Elapsed time: 22686.704 ms
110: [2, 8, 18, 32, 50, 72, 98, 128, 162, 200, 242, 288, 338, 392, 450, 512, 578, 648, 722, 800, 882, 968, 1058, 1152, 1250, 1352, 1458, 1568, 1682, 1800, 1922, 2048, 2178, 2312, 2450, 2592, 2738, 2888, 3042, 3200, 3362, 3528, 3698, 3872, 4050, 4232, 4418, 4608, 4802, 5000, 5202, 5408, 5618, 5832, 6050, 6272, 6498, 6728, 6962, 7200, 7442, 7688, 7938, 8192, 8450, 8712, 8978, 9248, 9522, 9800, 10082, 10368, 10658, 10952, 11250, 11552, 11858, 12168, 12482, 12800, 13122, 13448, 13778, 14112, 14450, 14792, 15138, 15488, 15842, 16200, 16562, 16928, 17298, 17672, 18050, 18432, 18818, 19208, 19602, 20000, 20402, 20808, 21218, 21632, 22050, 22472, 22898, 23328, 23762, 24200, 24642] -- Elapsed time: 23174.931 ms
111: [2, 8, 18, 32, 50, 72, 98, 128, 162, 200, 242, 288, 338, 392, 450, 512, 578, 648, 722, 800, 882, 968, 1058, 1152, 1250, 1352, 1458, 1568, 1682, 1800, 1922, 2048, 2178, 2312, 2450, 2592, 2738, 2888, 3042, 3200, 3362, 3528, 3698, 3872, 4050, 4232, 4418, 4608, 4802, 5000, 5202, 5408, 5618, 5832, 6050, 6272, 6498, 6728, 6962, 7200, 7442, 7688, 7938, 8192, 8450, 8712, 8978, 9248, 9522, 9800, 10082, 10368, 10658, 10952, 11250, 11552, 11858, 12168, 12482, 12800, 13122, 13448, 13778, 14112, 14450, 14792, 15138, 15488, 15842, 16200, 16562, 16928, 17298, 17672, 18050, 18432, 18818, 19208, 19602, 20000, 20402, 20808, 21218, 21632, 22050, 22472, 22898, 23328, 23762, 24200, 24642, 25088] -- Elapsed time: 23932.111 ms
112: [2, 8, 18, 32, 50, 72, 98, 128, 162, 200, 242, 288, 338, 392, 450, 512, 578, 648, 722, 800, 882, 968, 1058, 1152, 1250, 1352, 1458, 1568, 1682, 1800, 1922, 2048, 2178, 2312, 2450, 2592, 2738, 2888, 3042, 3200, 3362, 3528, 3698, 3872, 4050, 4232, 4418, 4608, 4802, 5000, 5202, 5408, 5618, 5832, 6050, 6272, 6498, 6728, 6962, 7200, 7442, 7688, 7938, 8192, 8450, 8712, 8978, 9248, 9522, 9800, 10082, 10368, 10658, 10952, 11250, 11552, 11858, 12168, 12482, 12800, 13122, 13448, 13778, 14112, 14450, 14792, 15138, 15488, 15842, 16200, 16562, 16928, 17298, 17672, 18050, 18432, 18818, 19208, 19602, 20000, 20402, 20808, 21218, 21632, 22050, 22472, 22898, 23328, 23762, 24200, 24642, 25088, 25538] -- Elapsed time: 24942.781 ms
113: [2, 8, 18, 32, 50, 72, 98, 128, 162, 200, 242, 288, 338, 392, 450, 512, 578, 648, 722, 800, 882, 968, 1058, 1152, 1250, 1352, 1458, 1568, 1682, 1800, 1922, 2048, 2178, 2312, 2450, 2592, 2738, 2888, 3042, 3200, 3362, 3528, 3698, 3872, 4050, 4232, 4418, 4608, 4802, 5000, 5202, 5408, 5618, 5832, 6050, 6272, 6498, 6728, 6962, 7200, 7442, 7688, 7938, 8192, 8450, 8712, 8978, 9248, 9522, 9800, 10082, 10368, 10658, 10952, 11250, 11552, 11858, 12168, 12482, 12800, 13122, 13448, 13778, 14112, 14450, 14792, 15138, 15488, 15842, 16200, 16562, 16928, 17298, 17672, 18050, 18432, 18818, 19208, 19602, 20000, 20402, 20808, 21218, 21632, 22050, 22472, 22898, 23328, 23762, 24200, 24642, 25088, 25538, 25992] -- Elapsed time: 26149.372 ms
114: [2, 8, 18, 32, 50, 72, 98, 128, 162, 200, 242, 288, 338, 392, 450, 512, 578, 648, 722, 800, 882, 968, 1058, 1152, 1250, 1352, 1458, 1568, 1682, 1800, 1922, 2048, 2178, 2312, 2450, 2592, 2738, 2888, 3042, 3200, 3362, 3528, 3698, 3872, 4050, 4232, 4418, 4608, 4802, 5000, 5202, 5408, 5618, 5832, 6050, 6272, 6498, 6728, 6962, 7200, 7442, 7688, 7938, 8192, 8450, 8712, 8978, 9248, 9522, 9800, 10082, 10368, 10658, 10952, 11250, 11552, 11858, 12168, 12482, 12800, 13122, 13448, 13778, 14112, 14450, 14792, 15138, 15488, 15842, 16200, 16562, 16928, 17298, 17672, 18050, 18432, 18818, 19208, 19602, 20000, 20402, 20808, 21218, 21632, 22050, 22472, 22898, 23328, 23762, 24200, 24642, 25088, 25538, 25992, 26450] -- Elapsed time: 26339.976 ms
115: [2, 8, 18, 32, 50, 72, 98, 128, 162, 200, 242, 288, 338, 392, 450, 512, 578, 648, 722, 800, 882, 968, 1058, 1152, 1250, 1352, 1458, 1568, 1682, 1800, 1922, 2048, 2178, 2312, 2450, 2592, 2738, 2888, 3042, 3200, 3362, 3528, 3698, 3872, 4050, 4232, 4418, 4608, 4802, 5000, 5202, 5408, 5618, 5832, 6050, 6272, 6498, 6728, 6962, 7200, 7442, 7688, 7938, 8192, 8450, 8712, 8978, 9248, 9522, 9800, 10082, 10368, 10658, 10952, 11250, 11552, 11858, 12168, 12482, 12800, 13122, 13448, 13778, 14112, 14450, 14792, 15138, 15488, 15842, 16200, 16562, 16928, 17298, 17672, 18050, 18432, 18818, 19208, 19602, 20000, 20402, 20808, 21218, 21632, 22050, 22472, 22898, 23328, 23762, 24200, 24642, 25088, 25538, 25992, 26450, 26912] -- Elapsed time: 27416.656 ms
116: [2, 8, 18, 32, 50, 72, 98, 128, 162, 200, 242, 288, 338, 392, 450, 512, 578, 648, 722, 800, 882, 968, 1058, 1152, 1250, 1352, 1458, 1568, 1682, 1800, 1922, 2048, 2178, 2312, 2450, 2592, 2738, 2888, 3042, 3200, 3362, 3528, 3698, 3872, 4050, 4232, 4418, 4608, 4802, 5000, 5202, 5408, 5618, 5832, 6050, 6272, 6498, 6728, 6962, 7200, 7442, 7688, 7938, 8192, 8450, 8712, 8978, 9248, 9522, 9800, 10082, 10368, 10658, 10952, 11250, 11552, 11858, 12168, 12482, 12800, 13122, 13448, 13778, 14112, 14450, 14792, 15138, 15488, 15842, 16200, 16562, 16928, 17298, 17672, 18050, 18432, 18818, 19208, 19602, 20000, 20402, 20808, 21218, 21632, 22050, 22472, 22898, 23328, 23762, 24200, 24642, 25088, 25538, 25992, 26450, 26912, 27378] -- Elapsed time: 28193.151 ms
117: [2, 8, 18, 32, 50, 72, 98, 128, 162, 200, 242, 288, 338, 392, 450, 512, 578, 648, 722, 800, 882, 968, 1058, 1152, 1250, 1352, 1458, 1568, 1682, 1800, 1922, 2048, 2178, 2312, 2450, 2592, 2738, 2888, 3042, 3200, 3362, 3528, 3698, 3872, 4050, 4232, 4418, 4608, 4802, 5000, 5202, 5408, 5618, 5832, 6050, 6272, 6498, 6728, 6962, 7200, 7442, 7688, 7938, 8192, 8450, 8712, 8978, 9248, 9522, 9800, 10082, 10368, 10658, 10952, 11250, 11552, 11858, 12168, 12482, 12800, 13122, 13448, 13778, 14112, 14450, 14792, 15138, 15488, 15842, 16200, 16562, 16928, 17298, 17672, 18050, 18432, 18818, 19208, 19602, 20000, 20402, 20808, 21218, 21632, 22050, 22472, 22898, 23328, 23762, 24200, 24642, 25088, 25538, 25992, 26450, 26912, 27378, 27848] -- Elapsed time: 29114.178 ms
118: [2, 8, 18, 32, 50, 72, 98, 128, 162, 200, 242, 288, 338, 392, 450, 512, 578, 648, 722, 800, 882, 968, 1058, 1152, 1250, 1352, 1458, 1568, 1682, 1800, 1922, 2048, 2178, 2312, 2450, 2592, 2738, 2888, 3042, 3200, 3362, 3528, 3698, 3872, 4050, 4232, 4418, 4608, 4802, 5000, 5202, 5408, 5618, 5832, 6050, 6272, 6498, 6728, 6962, 7200, 7442, 7688, 7938, 8192, 8450, 8712, 8978, 9248, 9522, 9800, 10082, 10368, 10658, 10952, 11250, 11552, 11858, 12168, 12482, 12800, 13122, 13448, 13778, 14112, 14450, 14792, 15138, 15488, 15842, 16200, 16562, 16928, 17298, 17672, 18050, 18432, 18818, 19208, 19602, 20000, 20402, 20808, 21218, 21632, 22050, 22472, 22898, 23328, 23762, 24200, 24642, 25088, 25538, 25992, 26450, 26912, 27378, 27848, 28322] -- Elapsed time: 29813.506 ms
119: [2, 8, 18, 32, 50, 72, 98, 128, 162, 200, 242, 288, 338, 392, 450, 512, 578, 648, 722, 800, 882, 968, 1058, 1152, 1250, 1352, 1458, 1568, 1682, 1800, 1922, 2048, 2178, 2312, 2450, 2592, 2738, 2888, 3042, 3200, 3362, 3528, 3698, 3872, 4050, 4232, 4418, 4608, 4802, 5000, 5202, 5408, 5618, 5832, 6050, 6272, 6498, 6728, 6962, 7200, 7442, 7688, 7938, 8192, 8450, 8712, 8978, 9248, 9522, 9800, 10082, 10368, 10658, 10952, 11250, 11552, 11858, 12168, 12482, 12800, 13122, 13448, 13778, 14112, 14450, 14792, 15138, 15488, 15842, 16200, 16562, 16928, 17298, 17672, 18050, 18432, 18818, 19208, 19602, 20000, 20402, 20808, 21218, 21632, 22050, 22472, 22898, 23328, 23762, 24200, 24642, 25088, 25538, 25992, 26450, 26912, 27378, 27848, 28322, 28800] -- Elapsed time: 30678.711 ms
120: [2, 8, 18, 32, 50, 72, 98, 128, 162, 200, 242, 288, 338, 392, 450, 512, 578, 648, 722, 800, 882, 968, 1058, 1152, 1250, 1352, 1458, 1568, 1682, 1800, 1922, 2048, 2178, 2312, 2450, 2592, 2738, 2888, 3042, 3200, 3362, 3528, 3698, 3872, 4050, 4232, 4418, 4608, 4802, 5000, 5202, 5408, 5618, 5832, 6050, 6272, 6498, 6728, 6962, 7200, 7442, 7688, 7938, 8192, 8450, 8712, 8978, 9248, 9522, 9800, 10082, 10368, 10658, 10952, 11250, 11552, 11858, 12168, 12482, 12800, 13122, 13448, 13778, 14112, 14450, 14792, 15138, 15488, 15842, 16200, 16562, 16928, 17298, 17672, 18050, 18432, 18818, 19208, 19602, 20000, 20402, 20808, 21218, 21632, 22050, 22472, 22898, 23328, 23762, 24200, 24642, 25088, 25538, 25992, 26450, 26912, 27378, 27848, 28322, 28800, 29282] -- Elapsed time: 31524.252 ms
121: [2, 8, 18, 32, 50, 72, 98, 128, 162, 200, 242, 288, 338, 392, 450, 512, 578, 648, 722, 800, 882, 968, 1058, 1152, 1250, 1352, 1458, 1568, 1682, 1800, 1922, 2048, 2178, 2312, 2450, 2592, 2738, 2888, 3042, 3200, 3362, 3528, 3698, 3872, 4050, 4232, 4418, 4608, 4802, 5000, 5202, 5408, 5618, 5832, 6050, 6272, 6498, 6728, 6962, 7200, 7442, 7688, 7938, 8192, 8450, 8712, 8978, 9248, 9522, 9800, 10082, 10368, 10658, 10952, 11250, 11552, 11858, 12168, 12482, 12800, 13122, 13448, 13778, 14112, 14450, 14792, 15138, 15488, 15842, 16200, 16562, 16928, 17298, 17672, 18050, 18432, 18818, 19208, 19602, 20000, 20402, 20808, 21218, 21632, 22050, 22472, 22898, 23328, 23762, 24200, 24642, 25088, 25538, 25992, 26450, 26912, 27378, 27848, 28322, 28800, 29282, 29768] -- Elapsed time: 32679.191 ms
122: [2, 8, 18, 32, 50, 72, 98, 128, 162, 200, 242, 288, 338, 392, 450, 512, 578, 648, 722, 800, 882, 968, 1058, 1152, 1250, 1352, 1458, 1568, 1682, 1800, 1922, 2048, 2178, 2312, 2450, 2592, 2738, 2888, 3042, 3200, 3362, 3528, 3698, 3872, 4050, 4232, 4418, 4608, 4802, 5000, 5202, 5408, 5618, 5832, 6050, 6272, 6498, 6728, 6962, 7200, 7442, 7688, 7938, 8192, 8450, 8712, 8978, 9248, 9522, 9800, 10082, 10368, 10658, 10952, 11250, 11552, 11858, 12168, 12482, 12800, 13122, 13448, 13778, 14112, 14450, 14792, 15138, 15488, 15842, 16200, 16562, 16928, 17298, 17672, 18050, 18432, 18818, 19208, 19602, 20000, 20402, 20808, 21218, 21632, 22050, 22472, 22898, 23328, 23762, 24200, 24642, 25088, 25538, 25992, 26450, 26912, 27378, 27848, 28322, 28800, 29282, 29768, 30258] -- Elapsed time: 33756.428 ms
123: [2, 8, 18, 32, 50, 72, 98, 128, 162, 200, 242, 288, 338, 392, 450, 512, 578, 648, 722, 800, 882, 968, 1058, 1152, 1250, 1352, 1458, 1568, 1682, 1800, 1922, 2048, 2178, 2312, 2450, 2592, 2738, 2888, 3042, 3200, 3362, 3528, 3698, 3872, 4050, 4232, 4418, 4608, 4802, 5000, 5202, 5408, 5618, 5832, 6050, 6272, 6498, 6728, 6962, 7200, 7442, 7688, 7938, 8192, 8450, 8712, 8978, 9248, 9522, 9800, 10082, 10368, 10658, 10952, 11250, 11552, 11858, 12168, 12482, 12800, 13122, 13448, 13778, 14112, 14450, 14792, 15138, 15488, 15842, 16200, 16562, 16928, 17298, 17672, 18050, 18432, 18818, 19208, 19602, 20000, 20402, 20808, 21218, 21632, 22050, 22472, 22898, 23328, 23762, 24200, 24642, 25088, 25538, 25992, 26450, 26912, 27378, 27848, 28322, 28800, 29282, 29768, 30258, 30752] -- Elapsed time: 34497.277 ms
124: [2, 8, 18, 32, 50, 72, 98, 128, 162, 200, 242, 288, 338, 392, 450, 512, 578, 648, 722, 800, 882, 968, 1058, 1152, 1250, 1352, 1458, 1568, 1682, 1800, 1922, 2048, 2178, 2312, 2450, 2592, 2738, 2888, 3042, 3200, 3362, 3528, 3698, 3872, 4050, 4232, 4418, 4608, 4802, 5000, 5202, 5408, 5618, 5832, 6050, 6272, 6498, 6728, 6962, 7200, 7442, 7688, 7938, 8192, 8450, 8712, 8978, 9248, 9522, 9800, 10082, 10368, 10658, 10952, 11250, 11552, 11858, 12168, 12482, 12800, 13122, 13448, 13778, 14112, 14450, 14792, 15138, 15488, 15842, 16200, 16562, 16928, 17298, 17672, 18050, 18432, 18818, 19208, 19602, 20000, 20402, 20808, 21218, 21632, 22050, 22472, 22898, 23328, 23762, 24200, 24642, 25088, 25538, 25992, 26450, 26912, 27378, 27848, 28322, 28800, 29282, 29768, 30258, 30752, 31250] -- Elapsed time: 35740.337 ms
125: [2, 8, 18, 32, 50, 72, 98, 128, 162, 200, 242, 288, 338, 392, 450, 512, 578, 648, 722, 800, 882, 968, 1058, 1152, 1250, 1352, 1458, 1568, 1682, 1800, 1922, 2048, 2178, 2312, 2450, 2592, 2738, 2888, 3042, 3200, 3362, 3528, 3698, 3872, 4050, 4232, 4418, 4608, 4802, 5000, 5202, 5408, 5618, 5832, 6050, 6272, 6498, 6728, 6962, 7200, 7442, 7688, 7938, 8192, 8450, 8712, 8978, 9248, 9522, 9800, 10082, 10368, 10658, 10952, 11250, 11552, 11858, 12168, 12482, 12800, 13122, 13448, 13778, 14112, 14450, 14792, 15138, 15488, 15842, 16200, 16562, 16928, 17298, 17672, 18050, 18432, 18818, 19208, 19602, 20000, 20402, 20808, 21218, 21632, 22050, 22472, 22898, 23328, 23762, 24200, 24642, 25088, 25538, 25992, 26450, 26912, 27378, 27848, 28322, 28800, 29282, 29768, 30258, 30752, 31250, 31752] -- Elapsed time: 36788.379 ms
126: [2, 8, 18, 32, 50, 72, 98, 128, 162, 200, 242, 288, 338, 392, 450, 512, 578, 648, 722, 800, 882, 968, 1058, 1152, 1250, 1352, 1458, 1568, 1682, 1800, 1922, 2048, 2178, 2312, 2450, 2592, 2738, 2888, 3042, 3200, 3362, 3528, 3698, 3872, 4050, 4232, 4418, 4608, 4802, 5000, 5202, 5408, 5618, 5832, 6050, 6272, 6498, 6728, 6962, 7200, 7442, 7688, 7938, 8192, 8450, 8712, 8978, 9248, 9522, 9800, 10082, 10368, 10658, 10952, 11250, 11552, 11858, 12168, 12482, 12800, 13122, 13448, 13778, 14112, 14450, 14792, 15138, 15488, 15842, 16200, 16562, 16928, 17298, 17672, 18050, 18432, 18818, 19208, 19602, 20000, 20402, 20808, 21218, 21632, 22050, 22472, 22898, 23328, 23762, 24200, 24642, 25088, 25538, 25992, 26450, 26912, 27378, 27848, 28322, 28800, 29282, 29768, 30258, 30752, 31250, 31752, 32258] -- Elapsed time: 37946.472 ms
127: [2, 8, 18, 32, 50, 72, 98, 128, 162, 200, 242, 288, 338, 392, 450, 512, 578, 648, 722, 800, 882, 968, 1058, 1152, 1250, 1352, 1458, 1568, 1682, 1800, 1922, 2048, 2178, 2312, 2450, 2592, 2738, 2888, 3042, 3200, 3362, 3528, 3698, 3872, 4050, 4232, 4418, 4608, 4802, 5000, 5202, 5408, 5618, 5832, 6050, 6272, 6498, 6728, 6962, 7200, 7442, 7688, 7938, 8192, 8450, 8712, 8978, 9248, 9522, 9800, 10082, 10368, 10658, 10952, 11250, 11552, 11858, 12168, 12482, 12800, 13122, 13448, 13778, 14112, 14450, 14792, 15138, 15488, 15842, 16200, 16562, 16928, 17298, 17672, 18050, 18432, 18818, 19208, 19602, 20000, 20402, 20808, 21218, 21632, 22050, 22472, 22898, 23328, 23762, 24200, 24642, 25088, 25538, 25992, 26450, 26912, 27378, 27848, 28322, 28800, 29282, 29768, 30258, 30752, 31250, 31752, 32258, 32768] -- Elapsed time: 38998.837 ms  
128: [2, 8, 18, 32, 50, 72, 98, 128, 162, 200, 242, 288, 338, 392, 450, 512, 578, 648, 722, 800, 882, 968, 1058, 1152, 1250, 1352, 1458, 1568, 1682, 1800, 1922, 2048, 2178, 2312, 2450, 2592, 2738, 2888, 3042, 3200, 3362, 3528, 3698, 3872, 4050, 4232, 4418, 4608, 4802, 5000, 5202, 5408, 5618, 5832, 6050, 6272, 6498, 6728, 6962, 7200, 7442, 7688, 7938, 8192, 8450, 8712, 8978, 9248, 9522, 9800, 10082, 10368, 10658, 10952, 11250, 11552, 11858, 12168, 12482, 12800, 13122, 13448, 13778, 14112, 14450, 14792, 15138, 15488, 15842, 16200, 16562, 16928, 17298, 17672, 18050, 18432, 18818, 19208, 19602, 20000, 20402, 20808, 21218, 21632, 22050, 22472, 22898, 23328, 23762, 24200, 24642, 25088, 25538, 25992, 26450, 26912, 27378, 27848, 28322, 28800, 29282, 29768, 30258, 30752, 31250, 31752, 32258, 32768, 33282] -- Elapsed time: 40477.168 ms
129: [2, 8, 18, 32, 50, 72, 98, 128, 162, 200, 242, 288, 338, 392, 450, 512, 578, 648, 722, 800, 882, 968, 1058, 1152, 1250, 1352, 1458, 1568, 1682, 1800, 1922, 2048, 2178, 2312, 2450, 2592, 2738, 2888, 3042, 3200, 3362, 3528, 3698, 3872, 4050, 4232, 4418, 4608, 4802, 5000, 5202, 5408, 5618, 5832, 6050, 6272, 6498, 6728, 6962, 7200, 7442, 7688, 7938, 8192, 8450, 8712, 8978, 9248, 9522, 9800, 10082, 10368, 10658, 10952, 11250, 11552, 11858, 12168, 12482, 12800, 13122, 13448, 13778, 14112, 14450, 14792, 15138, 15488, 15842, 16200, 16562, 16928, 17298, 17672, 18050, 18432, 18818, 19208, 19602, 20000, 20402, 20808, 21218, 21632, 22050, 22472, 22898, 23328, 23762, 24200, 24642, 25088, 25538, 25992, 26450, 26912, 27378, 27848, 28322, 28800, 29282, 29768, 30258, 30752, 31250, 31752, 32258, 32768, 33282, 33800] -- Elapsed time: 41605.263 ms
130: [2, 8, 18, 32, 50, 72, 98, 128, 162, 200, 242, 288, 338, 392, 450, 512, 578, 648, 722, 800, 882, 968, 1058, 1152, 1250, 1352, 1458, 1568, 1682, 1800, 1922, 2048, 2178, 2312, 2450, 2592, 2738, 2888, 3042, 3200, 3362, 3528, 3698, 3872, 4050, 4232, 4418, 4608, 4802, 5000, 5202, 5408, 5618, 5832, 6050, 6272, 6498, 6728, 6962, 7200, 7442, 7688, 7938, 8192, 8450, 8712, 8978, 9248, 9522, 9800, 10082, 10368, 10658, 10952, 11250, 11552, 11858, 12168, 12482, 12800, 13122, 13448, 13778, 14112, 14450, 14792, 15138, 15488, 15842, 16200, 16562, 16928, 17298, 17672, 18050, 18432, 18818, 19208, 19602, 20000, 20402, 20808, 21218, 21632, 22050, 22472, 22898, 23328, 23762, 24200, 24642, 25088, 25538, 25992, 26450, 26912, 27378, 27848, 28322, 28800, 29282, 29768, 30258, 30752, 31250, 31752, 32258, 32768, 33282, 33800, 34322] -- Elapsed time: 42781.758 ms
131: [2, 8, 18, 32, 50, 72, 98, 128, 162, 200, 242, 288, 338, 392, 450, 512, 578, 648, 722, 800, 882, 968, 1058, 1152, 1250, 1352, 1458, 1568, 1682, 1800, 1922, 2048, 2178, 2312, 2450, 2592, 2738, 2888, 3042, 3200, 3362, 3528, 3698, 3872, 4050, 4232, 4418, 4608, 4802, 5000, 5202, 5408, 5618, 5832, 6050, 6272, 6498, 6728, 6962, 7200, 7442, 7688, 7938, 8192, 8450, 8712, 8978, 9248, 9522, 9800, 10082, 10368, 10658, 10952, 11250, 11552, 11858, 12168, 12482, 12800, 13122, 13448, 13778, 14112, 14450, 14792, 15138, 15488, 15842, 16200, 16562, 16928, 17298, 17672, 18050, 18432, 18818, 19208, 19602, 20000, 20402, 20808, 21218, 21632, 22050, 22472, 22898, 23328, 23762, 24200, 24642, 25088, 25538, 25992, 26450, 26912, 27378, 27848, 28322, 28800, 29282, 29768, 30258, 30752, 31250, 31752, 32258, 32768, 33282, 33800, 34322, 34848] -- Elapsed time: 44050.275 ms
132: [2, 8, 18, 32, 50, 72, 98, 128, 162, 200, 242, 288, 338, 392, 450, 512, 578, 648, 722, 800, 882, 968, 1058, 1152, 1250, 1352, 1458, 1568, 1682, 1800, 1922, 2048, 2178, 2312, 2450, 2592, 2738, 2888, 3042, 3200, 3362, 3528, 3698, 3872, 4050, 4232, 4418, 4608, 4802, 5000, 5202, 5408, 5618, 5832, 6050, 6272, 6498, 6728, 6962, 7200, 7442, 7688, 7938, 8192, 8450, 8712, 8978, 9248, 9522, 9800, 10082, 10368, 10658, 10952, 11250, 11552, 11858, 12168, 12482, 12800, 13122, 13448, 13778, 14112, 14450, 14792, 15138, 15488, 15842, 16200, 16562, 16928, 17298, 17672, 18050, 18432, 18818, 19208, 19602, 20000, 20402, 20808, 21218, 21632, 22050, 22472, 22898, 23328, 23762, 24200, 24642, 25088, 25538, 25992, 26450, 26912, 27378, 27848, 28322, 28800, 29282, 29768, 30258, 30752, 31250, 31752, 32258, 32768, 33282, 33800, 34322, 34848, 35378] -- Elapsed time: 45563.053 ms
133: [2, 8, 18, 32, 50, 72, 98, 128, 162, 200, 242, 288, 338, 392, 450, 512, 578, 648, 722, 800, 882, 968, 1058, 1152, 1250, 1352, 1458, 1568, 1682, 1800, 1922, 2048, 2178, 2312, 2450, 2592, 2738, 2888, 3042, 3200, 3362, 3528, 3698, 3872, 4050, 4232, 4418, 4608, 4802, 5000, 5202, 5408, 5618, 5832, 6050, 6272, 6498, 6728, 6962, 7200, 7442, 7688, 7938, 8192, 8450, 8712, 8978, 9248, 9522, 9800, 10082, 10368, 10658, 10952, 11250, 11552, 11858, 12168, 12482, 12800, 13122, 13448, 13778, 14112, 14450, 14792, 15138, 15488, 15842, 16200, 16562, 16928, 17298, 17672, 18050, 18432, 18818, 19208, 19602, 20000, 20402, 20808, 21218, 21632, 22050, 22472, 22898, 23328, 23762, 24200, 24642, 25088, 25538, 25992, 26450, 26912, 27378, 27848, 28322, 28800, 29282, 29768, 30258, 30752, 31250, 31752, 32258, 32768, 33282, 33800, 34322, 34848, 35378, 35912] -- Elapsed time: 47221.489 ms
134: [2, 8, 18, 32, 50, 72, 98, 128, 162, 200, 242, 288, 338, 392, 450, 512, 578, 648, 722, 800, 882, 968, 1058, 1152, 1250, 1352, 1458, 1568, 1682, 1800, 1922, 2048, 2178, 2312, 2450, 2592, 2738, 2888, 3042, 3200, 3362, 3528, 3698, 3872, 4050, 4232, 4418, 4608, 4802, 5000, 5202, 5408, 5618, 5832, 6050, 6272, 6498, 6728, 6962, 7200, 7442, 7688, 7938, 8192, 8450, 8712, 8978, 9248, 9522, 9800, 10082, 10368, 10658, 10952, 11250, 11552, 11858, 12168, 12482, 12800, 13122, 13448, 13778, 14112, 14450, 14792, 15138, 15488, 15842, 16200, 16562, 16928, 17298, 17672, 18050, 18432, 18818, 19208, 19602, 20000, 20402, 20808, 21218, 21632, 22050, 22472, 22898, 23328, 23762, 24200, 24642, 25088, 25538, 25992, 26450, 26912, 27378, 27848, 28322, 28800, 29282, 29768, 30258, 30752, 31250, 31752, 32258, 32768, 33282, 33800, 34322, 34848, 35378, 35912, 36450] -- Elapsed time: 48741.53 ms
135: [2, 8, 18, 32, 50, 72, 98, 128, 162, 200, 242, 288, 338, 392, 450, 512, 578, 648, 722, 800, 882, 968, 1058, 1152, 1250, 1352, 1458, 1568, 1682, 1800, 1922, 2048, 2178, 2312, 2450, 2592, 2738, 2888, 3042, 3200, 3362, 3528, 3698, 3872, 4050, 4232, 4418, 4608, 4802, 5000, 5202, 5408, 5618, 5832, 6050, 6272, 6498, 6728, 6962, 7200, 7442, 7688, 7938, 8192, 8450, 8712, 8978, 9248, 9522, 9800, 10082, 10368, 10658, 10952, 11250, 11552, 11858, 12168, 12482, 12800, 13122, 13448, 13778, 14112, 14450, 14792, 15138, 15488, 15842, 16200, 16562, 16928, 17298, 17672, 18050, 18432, 18818, 19208, 19602, 20000, 20402, 20808, 21218, 21632, 22050, 22472, 22898, 23328, 23762, 24200, 24642, 25088, 25538, 25992, 26450, 26912, 27378, 27848, 28322, 28800, 29282, 29768, 30258, 30752, 31250, 31752, 32258, 32768, 33282, 33800, 34322, 34848, 35378, 35912, 36450, 36992] -- Elapsed time: 49977.181 ms
136: [2, 8, 18, 32, 50, 72, 98, 128, 162, 200, 242, 288, 338, 392, 450, 512, 578, 648, 722, 800, 882, 968, 1058, 1152, 1250, 1352, 1458, 1568, 1682, 1800, 1922, 2048, 2178, 2312, 2450, 2592, 2738, 2888, 3042, 3200, 3362, 3528, 3698, 3872, 4050, 4232, 4418, 4608, 4802, 5000, 5202, 5408, 5618, 5832, 6050, 6272, 6498, 6728, 6962, 7200, 7442, 7688, 7938, 8192, 8450, 8712, 8978, 9248, 9522, 9800, 10082, 10368, 10658, 10952, 11250, 11552, 11858, 12168, 12482, 12800, 13122, 13448, 13778, 14112, 14450, 14792, 15138, 15488, 15842, 16200, 16562, 16928, 17298, 17672, 18050, 18432, 18818, 19208, 19602, 20000, 20402, 20808, 21218, 21632, 22050, 22472, 22898, 23328, 23762, 24200, 24642, 25088, 25538, 25992, 26450, 26912, 27378, 27848, 28322, 28800, 29282, 29768, 30258, 30752, 31250, 31752, 32258, 32768, 33282, 33800, 34322, 34848, 35378, 35912, 36450, 36992, 37538] -- Elapsed time: 51411.899 ms
137: [2, 8, 18, 32, 50, 72, 98, 128, 162, 200, 242, 288, 338, 392, 450, 512, 578, 648, 722, 800, 882, 968, 1058, 1152, 1250, 1352, 1458, 1568, 1682, 1800, 1922, 2048, 2178, 2312, 2450, 2592, 2738, 2888, 3042, 3200, 3362, 3528, 3698, 3872, 4050, 4232, 4418, 4608, 4802, 5000, 5202, 5408, 5618, 5832, 6050, 6272, 6498, 6728, 6962, 7200, 7442, 7688, 7938, 8192, 8450, 8712, 8978, 9248, 9522, 9800, 10082, 10368, 10658, 10952, 11250, 11552, 11858, 12168, 12482, 12800, 13122, 13448, 13778, 14112, 14450, 14792, 15138, 15488, 15842, 16200, 16562, 16928, 17298, 17672, 18050, 18432, 18818, 19208, 19602, 20000, 20402, 20808, 21218, 21632, 22050, 22472, 22898, 23328, 23762, 24200, 24642, 25088, 25538, 25992, 26450, 26912, 27378, 27848, 28322, 28800, 29282, 29768, 30258, 30752, 31250, 31752, 32258, 32768, 33282, 33800, 34322, 34848, 35378, 35912, 36450, 36992, 37538, 38088] -- Elapsed time: 52701.232 ms
138: [2, 8, 18, 32, 50, 72, 98, 128, 162, 200, 242, 288, 338, 392, 450, 512, 578, 648, 722, 800, 882, 968, 1058, 1152, 1250, 1352, 1458, 1568, 1682, 1800, 1922, 2048, 2178, 2312, 2450, 2592, 2738, 2888, 3042, 3200, 3362, 3528, 3698, 3872, 4050, 4232, 4418, 4608, 4802, 5000, 5202, 5408, 5618, 5832, 6050, 6272, 6498, 6728, 6962, 7200, 7442, 7688, 7938, 8192, 8450, 8712, 8978, 9248, 9522, 9800, 10082, 10368, 10658, 10952, 11250, 11552, 11858, 12168, 12482, 12800, 13122, 13448, 13778, 14112, 14450, 14792, 15138, 15488, 15842, 16200, 16562, 16928, 17298, 17672, 18050, 18432, 18818, 19208, 19602, 20000, 20402, 20808, 21218, 21632, 22050, 22472, 22898, 23328, 23762, 24200, 24642, 25088, 25538, 25992, 26450, 26912, 27378, 27848, 28322, 28800, 29282, 29768, 30258, 30752, 31250, 31752, 32258, 32768, 33282, 33800, 34322, 34848, 35378, 35912, 36450, 36992, 37538, 38088, 38642] -- Elapsed time: 55498.384 ms
139: [2, 8, 18, 32, 50, 72, 98, 128, 162, 200, 242, 288, 338, 392, 450, 512, 578, 648, 722, 800, 882, 968, 1058, 1152, 1250, 1352, 1458, 1568, 1682, 1800, 1922, 2048, 2178, 2312, 2450, 2592, 2738, 2888, 3042, 3200, 3362, 3528, 3698, 3872, 4050, 4232, 4418, 4608, 4802, 5000, 5202, 5408, 5618, 5832, 6050, 6272, 6498, 6728, 6962, 7200, 7442, 7688, 7938, 8192, 8450, 8712, 8978, 9248, 9522, 9800, 10082, 10368, 10658, 10952, 11250, 11552, 11858, 12168, 12482, 12800, 13122, 13448, 13778, 14112, 14450, 14792, 15138, 15488, 15842, 16200, 16562, 16928, 17298, 17672, 18050, 18432, 18818, 19208, 19602, 20000, 20402, 20808, 21218, 21632, 22050, 22472, 22898, 23328, 23762, 24200, 24642, 25088, 25538, 25992, 26450, 26912, 27378, 27848, 28322, 28800, 29282, 29768, 30258, 30752, 31250, 31752, 32258, 32768, 33282, 33800, 34322, 34848, 35378, 35912, 36450, 36992, 37538, 38088, 38642, 39200] -- Elapsed time: 56421.797 ms
140: [2, 8, 18, 32, 50, 72, 98, 128, 162, 200, 242, 288, 338, 392, 450, 512, 578, 648, 722, 800, 882, 968, 1058, 1152, 1250, 1352, 1458, 1568, 1682, 1800, 1922, 2048, 2178, 2312, 2450, 2592, 2738, 2888, 3042, 3200, 3362, 3528, 3698, 3872, 4050, 4232, 4418, 4608, 4802, 5000, 5202, 5408, 5618, 5832, 6050, 6272, 6498, 6728, 6962, 7200, 7442, 7688, 7938, 8192, 8450, 8712, 8978, 9248, 9522, 9800, 10082, 10368, 10658, 10952, 11250, 11552, 11858, 12168, 12482, 12800, 13122, 13448, 13778, 14112, 14450, 14792, 15138, 15488, 15842, 16200, 16562, 16928, 17298, 17672, 18050, 18432, 18818, 19208, 19602, 20000, 20402, 20808, 21218, 21632, 22050, 22472, 22898, 23328, 23762, 24200, 24642, 25088, 25538, 25992, 26450, 26912, 27378, 27848, 28322, 28800, 29282, 29768, 30258, 30752, 31250, 31752, 32258, 32768, 33282, 33800, 34322, 34848, 35378, 35912, 36450, 36992, 37538, 38088, 38642, 39200, 39762] -- Elapsed time: 57989.554 ms
141: [2, 8, 18, 32, 50, 72, 98, 128, 162, 200, 242, 288, 338, 392, 450, 512, 578, 648, 722, 800, 882, 968, 1058, 1152, 1250, 1352, 1458, 1568, 1682, 1800, 1922, 2048, 2178, 2312, 2450, 2592, 2738, 2888, 3042, 3200, 3362, 3528, 3698, 3872, 4050, 4232, 4418, 4608, 4802, 5000, 5202, 5408, 5618, 5832, 6050, 6272, 6498, 6728, 6962, 7200, 7442, 7688, 7938, 8192, 8450, 8712, 8978, 9248, 9522, 9800, 10082, 10368, 10658, 10952, 11250, 11552, 11858, 12168, 12482, 12800, 13122, 13448, 13778, 14112, 14450, 14792, 15138, 15488, 15842, 16200, 16562, 16928, 17298, 17672, 18050, 18432, 18818, 19208, 19602, 20000, 20402, 20808, 21218, 21632, 22050, 22472, 22898, 23328, 23762, 24200, 24642, 25088, 25538, 25992, 26450, 26912, 27378, 27848, 28322, 28800, 29282, 29768, 30258, 30752, 31250, 31752, 32258, 32768, 33282, 33800, 34322, 34848, 35378, 35912, 36450, 36992, 37538, 38088, 38642, 39200, 39762, 40328] -- Elapsed time: 58751.117 ms
142: [2, 8, 18, 32, 50, 72, 98, 128, 162, 200, 242, 288, 338, 392, 450, 512, 578, 648, 722, 800, 882, 968, 1058, 1152, 1250, 1352, 1458, 1568, 1682, 1800, 1922, 2048, 2178, 2312, 2450, 2592, 2738, 2888, 3042, 3200, 3362, 3528, 3698, 3872, 4050, 4232, 4418, 4608, 4802, 5000, 5202, 5408, 5618, 5832, 6050, 6272, 6498, 6728, 6962, 7200, 7442, 7688, 7938, 8192, 8450, 8712, 8978, 9248, 9522, 9800, 10082, 10368, 10658, 10952, 11250, 11552, 11858, 12168, 12482, 12800, 13122, 13448, 13778, 14112, 14450, 14792, 15138, 15488, 15842, 16200, 16562, 16928, 17298, 17672, 18050, 18432, 18818, 19208, 19602, 20000, 20402, 20808, 21218, 21632, 22050, 22472, 22898, 23328, 23762, 24200, 24642, 25088, 25538, 25992, 26450, 26912, 27378, 27848, 28322, 28800, 29282, 29768, 30258, 30752, 31250, 31752, 32258, 32768, 33282, 33800, 34322, 34848, 35378, 35912, 36450, 36992, 37538, 38088, 38642, 39200, 39762, 40328, 40898] -- Elapsed time: 60055.948 ms
143: [2, 8, 18, 32, 50, 72, 98, 128, 162, 200, 242, 288, 338, 392, 450, 512, 578, 648, 722, 800, 882, 968, 1058, 1152, 1250, 1352, 1458, 1568, 1682, 1800, 1922, 2048, 2178, 2312, 2450, 2592, 2738, 2888, 3042, 3200, 3362, 3528, 3698, 3872, 4050, 4232, 4418, 4608, 4802, 5000, 5202, 5408, 5618, 5832, 6050, 6272, 6498, 6728, 6962, 7200, 7442, 7688, 7938, 8192, 8450, 8712, 8978, 9248, 9522, 9800, 10082, 10368, 10658, 10952, 11250, 11552, 11858, 12168, 12482, 12800, 13122, 13448, 13778, 14112, 14450, 14792, 15138, 15488, 15842, 16200, 16562, 16928, 17298, 17672, 18050, 18432, 18818, 19208, 19602, 20000, 20402, 20808, 21218, 21632, 22050, 22472, 22898, 23328, 23762, 24200, 24642, 25088, 25538, 25992, 26450, 26912, 27378, 27848, 28322, 28800, 29282, 29768, 30258, 30752, 31250, 31752, 32258, 32768, 33282, 33800, 34322, 34848, 35378, 35912, 36450, 36992, 37538, 38088, 38642, 39200, 39762, 40328, 40898, 41472] -- Elapsed time: 61871.429 ms
144: [2, 8, 18, 32, 50, 72, 98, 128, 162, 200, 242, 288, 338, 392, 450, 512, 578, 648, 722, 800, 882, 968, 1058, 1152, 1250, 1352, 1458, 1568, 1682, 1800, 1922, 2048, 2178, 2312, 2450, 2592, 2738, 2888, 3042, 3200, 3362, 3528, 3698, 3872, 4050, 4232, 4418, 4608, 4802, 5000, 5202, 5408, 5618, 5832, 6050, 6272, 6498, 6728, 6962, 7200, 7442, 7688, 7938, 8192, 8450, 8712, 8978, 9248, 9522, 9800, 10082, 10368, 10658, 10952, 11250, 11552, 11858, 12168, 12482, 12800, 13122, 13448, 13778, 14112, 14450, 14792, 15138, 15488, 15842, 16200, 16562, 16928, 17298, 17672, 18050, 18432, 18818, 19208, 19602, 20000, 20402, 20808, 21218, 21632, 22050, 22472, 22898, 23328, 23762, 24200, 24642, 25088, 25538, 25992, 26450, 26912, 27378, 27848, 28322, 28800, 29282, 29768, 30258, 30752, 31250, 31752, 32258, 32768, 33282, 33800, 34322, 34848, 35378, 35912, 36450, 36992, 37538, 38088, 38642, 39200, 39762, 40328, 40898, 41472, 42050] -- Elapsed time: 63750.129 ms
145: [2, 8, 18, 32, 50, 72, 98, 128, 162, 200, 242, 288, 338, 392, 450, 512, 578, 648, 722, 800, 882, 968, 1058, 1152, 1250, 1352, 1458, 1568, 1682, 1800, 1922, 2048, 2178, 2312, 2450, 2592, 2738, 2888, 3042, 3200, 3362, 3528, 3698, 3872, 4050, 4232, 4418, 4608, 4802, 5000, 5202, 5408, 5618, 5832, 6050, 6272, 6498, 6728, 6962, 7200, 7442, 7688, 7938, 8192, 8450, 8712, 8978, 9248, 9522, 9800, 10082, 10368, 10658, 10952, 11250, 11552, 11858, 12168, 12482, 12800, 13122, 13448, 13778, 14112, 14450, 14792, 15138, 15488, 15842, 16200, 16562, 16928, 17298, 17672, 18050, 18432, 18818, 19208, 19602, 20000, 20402, 20808, 21218, 21632, 22050, 22472, 22898, 23328, 23762, 24200, 24642, 25088, 25538, 25992, 26450, 26912, 27378, 27848, 28322, 28800, 29282, 29768, 30258, 30752, 31250, 31752, 32258, 32768, 33282, 33800, 34322, 34848, 35378, 35912, 36450, 36992, 37538, 38088, 38642, 39200, 39762, 40328, 40898, 41472, 42050, 42632] -- Elapsed time: 65249.311 ms
146: [2, 8, 18, 32, 50, 72, 98, 128, 162, 200, 242, 288, 338, 392, 450, 512, 578, 648, 722, 800, 882, 968, 1058, 1152, 1250, 1352, 1458, 1568, 1682, 1800, 1922, 2048, 2178, 2312, 2450, 2592, 2738, 2888, 3042, 3200, 3362, 3528, 3698, 3872, 4050, 4232, 4418, 4608, 4802, 5000, 5202, 5408, 5618, 5832, 6050, 6272, 6498, 6728, 6962, 7200, 7442, 7688, 7938, 8192, 8450, 8712, 8978, 9248, 9522, 9800, 10082, 10368, 10658, 10952, 11250, 11552, 11858, 12168, 12482, 12800, 13122, 13448, 13778, 14112, 14450, 14792, 15138, 15488, 15842, 16200, 16562, 16928, 17298, 17672, 18050, 18432, 18818, 19208, 19602, 20000, 20402, 20808, 21218, 21632, 22050, 22472, 22898, 23328, 23762, 24200, 24642, 25088, 25538, 25992, 26450, 26912, 27378, 27848, 28322, 28800, 29282, 29768, 30258, 30752, 31250, 31752, 32258, 32768, 33282, 33800, 34322, 34848, 35378, 35912, 36450, 36992, 37538, 38088, 38642, 39200, 39762, 40328, 40898, 41472, 42050, 42632, 43218] -- Elapsed time: 66391.641 ms
147: [2, 8, 18, 32, 50, 72, 98, 128, 162, 200, 242, 288, 338, 392, 450, 512, 578, 648, 722, 800, 882, 968, 1058, 1152, 1250, 1352, 1458, 1568, 1682, 1800, 1922, 2048, 2178, 2312, 2450, 2592, 2738, 2888, 3042, 3200, 3362, 3528, 3698, 3872, 4050, 4232, 4418, 4608, 4802, 5000, 5202, 5408, 5618, 5832, 6050, 6272, 6498, 6728, 6962, 7200, 7442, 7688, 7938, 8192, 8450, 8712, 8978, 9248, 9522, 9800, 10082, 10368, 10658, 10952, 11250, 11552, 11858, 12168, 12482, 12800, 13122, 13448, 13778, 14112, 14450, 14792, 15138, 15488, 15842, 16200, 16562, 16928, 17298, 17672, 18050, 18432, 18818, 19208, 19602, 20000, 20402, 20808, 21218, 21632, 22050, 22472, 22898, 23328, 23762, 24200, 24642, 25088, 25538, 25992, 26450, 26912, 27378, 27848, 28322, 28800, 29282, 29768, 30258, 30752, 31250, 31752, 32258, 32768, 33282, 33800, 34322, 34848, 35378, 35912, 36450, 36992, 37538, 38088, 38642, 39200, 39762, 40328, 40898, 41472, 42050, 42632, 43218, 43808] -- Elapsed time: 73284.501 ms
148: [2, 8, 18, 32, 50, 72, 98, 128, 162, 200, 242, 288, 338, 392, 450, 512, 578, 648, 722, 800, 882, 968, 1058, 1152, 1250, 1352, 1458, 1568, 1682, 1800, 1922, 2048, 2178, 2312, 2450, 2592, 2738, 2888, 3042, 3200, 3362, 3528, 3698, 3872, 4050, 4232, 4418, 4608, 4802, 5000, 5202, 5408, 5618, 5832, 6050, 6272, 6498, 6728, 6962, 7200, 7442, 7688, 7938, 8192, 8450, 8712, 8978, 9248, 9522, 9800, 10082, 10368, 10658, 10952, 11250, 11552, 11858, 12168, 12482, 12800, 13122, 13448, 13778, 14112, 14450, 14792, 15138, 15488, 15842, 16200, 16562, 16928, 17298, 17672, 18050, 18432, 18818, 19208, 19602, 20000, 20402, 20808, 21218, 21632, 22050, 22472, 22898, 23328, 23762, 24200, 24642, 25088, 25538, 25992, 26450, 26912, 27378, 27848, 28322, 28800, 29282, 29768, 30258, 30752, 31250, 31752, 32258, 32768, 33282, 33800, 34322, 34848, 35378, 35912, 36450, 36992, 37538, 38088, 38642, 39200, 39762, 40328, 40898, 41472, 42050, 42632, 43218, 43808, 44402] -- Elapsed time: 71274.887 ms
149: [2, 8, 18, 32, 50, 72, 98, 128, 162, 200, 242, 288, 338, 392, 450, 512, 578, 648, 722, 800, 882, 968, 1058, 1152, 1250, 1352, 1458, 1568, 1682, 1800, 1922, 2048, 2178, 2312, 2450, 2592, 2738, 2888, 3042, 3200, 3362, 3528, 3698, 3872, 4050, 4232, 4418, 4608, 4802, 5000, 5202, 5408, 5618, 5832, 6050, 6272, 6498, 6728, 6962, 7200, 7442, 7688, 7938, 8192, 8450, 8712, 8978, 9248, 9522, 9800, 10082, 10368, 10658, 10952, 11250, 11552, 11858, 12168, 12482, 12800, 13122, 13448, 13778, 14112, 14450, 14792, 15138, 15488, 15842, 16200, 16562, 16928, 17298, 17672, 18050, 18432, 18818, 19208, 19602, 20000, 20402, 20808, 21218, 21632, 22050, 22472, 22898, 23328, 23762, 24200, 24642, 25088, 25538, 25992, 26450, 26912, 27378, 27848, 28322, 28800, 29282, 29768, 30258, 30752, 31250, 31752, 32258, 32768, 33282, 33800, 34322, 34848, 35378, 35912, 36450, 36992, 37538, 38088, 38642, 39200, 39762, 40328, 40898, 41472, 42050, 42632, 43218, 43808, 44402, 45000] -- Elapsed time: 79951.462 ms
[-1, 1, 1, 1, 1, 1, 1, 1, 1, 1, 1, 1, 1, 1, 1, 1, 1, 1, 1, 1, 1, 1, 1, 1, 1, 1, 1, 1, 1, 1, 1, 1, 1, 1, 1, 1, 1, 1, 1, 1, 1, 1, 1, 1, 1, 1, 1, 1, 1, 1, 1, 1, 1, 1, 1, 1, 1, 1, 1, 1, 1, 1, 1, 1, 1, 1, 1, 1, 1, 1, 1, 1, 1, 1, 1, 1, 1, 1, 1, 1, 1, 1, 1, 1, 1, 1, 1, 1, 1, 1, 1, 1, 1, 1, 1, 1, 1, 1, 1, 1, 1, 1, 1, 1, 1, 1, 1, 1, 1, 1, 1, 1, 1, 1, 1, 1, 1, 1, 1, 1, 1, 1, 1, 1, 1, 1, 1, 1, 1, 1, 1, 1, 1, 1, 1, 1, 1, 1, 
1, 1, 1, 1, 1, 1, 1, 1, 1, 1, 1]
In dimension 3, from the eigenvalue number 18 and to the 45601th, I only found finite critical lengths.

##########
##########
##########

Which dimension do you want to study? 4
To which diagnosis eigenvalue do you want to study? 40
01: [2, 10] -- Elapsed time: 0.028 ms
02: [2, 10, 28] -- Elapsed time: 7.924 ms
03: [2, 10, 28, 60] -- Elapsed time: 8.803 ms
04: [2, 10, 28, 60, 110] -- Elapsed time: 10.374 ms
05: [2, 10, 28, 60, 110, 182] -- Elapsed time: 12.188 ms
06: [2, 10, 28, 60, 110, 182, 280] -- Elapsed time: 14.181 ms
07: [2, 10, 28, 60, 110, 182, 280, 408] -- Elapsed time: 15.726 ms
08: [2, 10, 28, 60, 110, 182, 280, 408, 570] -- Elapsed time: 20.299 ms
09: [2, 10, 28, 60, 110, 182, 280, 408, 570, 770] -- Elapsed time: 31.435 ms
10: [2, 10, 28, 60, 110, 182, 280, 408, 570, 770, 1012] -- Elapsed time: 55.102 ms
11: [2, 10, 28, 60, 110, 182, 280, 408, 570, 770, 1012, 1300] -- Elapsed time: 72.056 ms
12: [2, 10, 28, 60, 110, 182, 280, 408, 570, 770, 1012, 1300, 1638] -- Elapsed time: 110.368 ms
13: [2, 10, 28, 60, 110, 182, 280, 408, 570, 770, 1012, 1300, 1638, 2030] -- Elapsed time: 159.836 ms
14: [2, 10, 28, 60, 110, 182, 280, 408, 570, 770, 1012, 1300, 1638, 2030, 2480] -- Elapsed time: 232.304 ms
15: [2, 10, 28, 60, 110, 182, 280, 408, 570, 770, 1012, 1300, 1638, 2030, 2480, 2992] -- Elapsed time: 339.172 ms
16: [2, 10, 28, 60, 110, 182, 280, 408, 570, 770, 1012, 1300, 1638, 2030, 2480, 2992, 3570] -- Elapsed time: 486.018 ms
17: [2, 10, 28, 60, 110, 182, 280, 408, 570, 770, 1012, 1300, 1638, 2030, 2480, 2992, 3570, 4218] -- Elapsed time: 698.554 ms
18: [2, 10, 28, 60, 110, 182, 280, 408, 570, 770, 1012, 1300, 1638, 2030, 2480, 2992, 3570, 4218, 4940] -- Elapsed time: 945.343 ms
19: [2, 10, 28, 60, 110, 182, 280, 408, 570, 770, 1012, 1300, 1638, 2030, 2480, 2992, 3570, 4218, 4940, 5740] -- Elapsed time: 1303.091 ms
20: [2, 10, 28, 60, 110, 182, 280, 408, 570, 770, 1012, 1300, 1638, 2030, 2480, 2992, 3570, 4218, 4940, 5740, 6622] -- Elapsed time: 1854.001 ms
21: [2, 10, 28, 60, 110, 182, 280, 408, 570, 770, 1012, 1300, 1638, 2030, 2480, 2992, 3570, 4218, 4940, 5740, 6622, 7590] -- Elapsed time: 2460.906 ms
22: [2, 10, 28, 60, 110, 182, 280, 408, 570, 770, 1012, 1300, 1638, 2030, 2480, 2992, 3570, 4218, 4940, 5740, 6622, 7590, 8648] -- Elapsed time: 3285.189 ms
23: [2, 10, 28, 60, 110, 182, 280, 408, 570, 770, 1012, 1300, 1638, 2030, 2480, 2992, 3570, 4218, 4940, 5740, 6622, 7590, 8648, 9800] -- Elapsed time: 4347.817 ms
24: [2, 10, 28, 60, 110, 182, 280, 408, 570, 770, 1012, 1300, 1638, 2030, 2480, 2992, 3570, 4218, 4940, 5740, 6622, 7590, 8648, 9800, 11050] -- Elapsed time: 5799.038 ms
25: [2, 10, 28, 60, 110, 182, 280, 408, 570, 770, 1012, 1300, 1638, 2030, 2480, 2992, 3570, 4218, 4940, 5740, 6622, 7590, 8648, 9800, 11050, 12402] -- Elapsed time: 7751.688 ms
26: [2, 10, 28, 60, 110, 182, 280, 408, 570, 770, 1012, 1300, 1638, 2030, 2480, 2992, 3570, 4218, 4940, 5740, 6622, 7590, 8648, 9800, 11050, 12402, 13860] -- Elapsed time: 10013.998 ms
27: [2, 10, 28, 60, 110, 182, 280, 408, 570, 770, 1012, 1300, 1638, 2030, 2480, 2992, 3570, 4218, 4940, 5740, 6622, 7590, 8648, 9800, 11050, 12402, 13860, 15428] -- Elapsed time: 13088.719 ms
28: [2, 10, 28, 60, 110, 182, 280, 408, 570, 770, 1012, 1300, 1638, 2030, 2480, 2992, 3570, 4218, 4940, 5740, 6622, 7590, 8648, 9800, 11050, 12402, 13860, 15428, 17110] -- Elapsed time: 16424.804 ms
29: [2, 10, 28, 60, 110, 182, 280, 408, 570, 770, 1012, 1300, 1638, 2030, 2480, 2992, 3570, 4218, 4940, 5740, 6622, 7590, 8648, 9800, 11050, 12402, 13860, 15428, 17110, 18910] -- Elapsed time: 20782.09 ms
30: [2, 10, 28, 60, 110, 182, 280, 408, 570, 770, 1012, 1300, 1638, 2030, 2480, 2992, 3570, 4218, 4940, 5740, 6622, 7590, 8648, 9800, 11050, 12402, 13860, 15428, 17110, 18910, 20832] -- Elapsed time: 26599.192 ms
31: [2, 10, 28, 60, 110, 182, 280, 408, 570, 770, 1012, 1300, 1638, 2030, 2480, 2992, 3570, 4218, 4940, 5740, 6622, 7590, 8648, 9800, 11050, 12402, 13860, 15428, 17110, 18910, 20832, 22880] -- Elapsed time: 33991.442 ms
32: [2, 10, 28, 60, 110, 182, 280, 408, 570, 770, 1012, 1300, 1638, 2030, 2480, 2992, 3570, 4218, 4940, 5740, 6622, 7590, 8648, 9800, 11050, 12402, 13860, 15428, 17110, 18910, 20832, 22880, 25058] -- Elapsed time: 42066.966 ms
33: [2, 10, 28, 60, 110, 182, 280, 408, 570, 770, 1012, 1300, 1638, 2030, 2480, 2992, 3570, 4218, 4940, 5740, 6622, 7590, 8648, 9800, 11050, 12402, 13860, 15428, 17110, 18910, 20832, 22880, 25058, 27370] -- Elapsed time: 52215.882 ms
34: [2, 10, 28, 60, 110, 182, 280, 408, 570, 770, 1012, 1300, 1638, 2030, 2480, 2992, 3570, 4218, 4940, 5740, 6622, 7590, 8648, 9800, 11050, 12402, 13860, 15428, 17110, 18910, 20832, 22880, 25058, 27370, 29820] -- Elapsed time: 64492.769 ms
35: [2, 10, 28, 60, 110, 182, 280, 408, 570, 770, 1012, 1300, 1638, 2030, 2480, 2992, 3570, 4218, 4940, 5740, 6622, 7590, 8648, 9800, 11050, 12402, 13860, 15428, 17110, 18910, 20832, 22880, 25058, 27370, 29820, 32412] -- Elapsed time: 77738.562 ms
36: [2, 10, 28, 60, 110, 182, 280, 408, 570, 770, 1012, 1300, 1638, 2030, 2480, 2992, 3570, 4218, 4940, 5740, 6622, 7590, 8648, 9800, 11050, 12402, 13860, 15428, 17110, 18910, 20832, 22880, 25058, 27370, 29820, 32412, 35150] -- Elapsed time: 94843.513 ms
37: [2, 10, 28, 60, 110, 182, 280, 408, 570, 770, 1012, 1300, 1638, 2030, 2480, 2992, 3570, 4218, 4940, 5740, 6622, 7590, 8648, 9800, 11050, 12402, 13860, 15428, 17110, 18910, 20832, 22880, 25058, 27370, 29820, 32412, 35150, 38038] -- Elapsed time: 116124.998 ms
38: [2, 10, 28, 60, 110, 182, 280, 408, 570, 770, 1012, 1300, 1638, 2030, 2480, 2992, 3570, 4218, 4940, 5740, 6622, 7590, 8648, 9800, 11050, 12402, 13860, 15428, 17110, 18910, 20832, 22880, 25058, 27370, 29820, 32412, 35150, 38038, 41080] -- Elapsed time: 142760.404 ms
39: [2, 10, 28, 60, 110, 182, 280, 408, 570, 770, 1012, 1300, 1638, 2030, 2480, 2992, 3570, 4218, 4940, 5740, 6622, 7590, 8648, 9800, 11050, 12402, 13860, 15428, 17110, 18910, 20832, 22880, 25058, 27370, 29820, 32412, 35150, 38038, 41080, 44280] -- Elapsed time: 171021.489 ms
[-1, -1, -1, -1, -1, -1, 1, 1, 1, 1, 1, 1, 1, 1, 1, 1, 1, 1, 1, 1, 1, 1, 1, 1, 1, 1, 1, 1, 1, 1, 1, 1, 1, 1, 1, 1, 1, 1, 1]
In dimension 4, from the eigenvalue number 408 and to the 47641th, I only found finite critical lengths.

##########
##########
##########

Which dimension do you want to study? 5
To which diagnosis eigenvalue do you want to study? 25
01: [2, 12] -- Elapsed time: 0.031 ms     
02: [2, 12, 40] -- Elapsed time: 12.232 ms
03: [2, 12, 40, 100] -- Elapsed time: 11.642 ms
04: [2, 12, 40, 100, 210] -- Elapsed time: 15.143 ms
05: [2, 12, 40, 100, 210, 392] -- Elapsed time: 21.246 ms
06: [2, 12, 40, 100, 210, 392, 672] -- Elapsed time: 27.958 ms
07: [2, 12, 40, 100, 210, 392, 672, 1080] -- Elapsed time: 56.137 ms
08: [2, 12, 40, 100, 210, 392, 672, 1080, 1650] -- Elapsed time: 104.859 ms
09: [2, 12, 40, 100, 210, 392, 672, 1080, 1650, 2420] -- Elapsed time: 214.544 ms
10: [2, 12, 40, 100, 210, 392, 672, 1080, 1650, 2420, 3432] -- Elapsed time: 431.494 ms
11: [2, 12, 40, 100, 210, 392, 672, 1080, 1650, 2420, 3432, 4732] -- Elapsed time: 1079.242 ms
12: [2, 12, 40, 100, 210, 392, 672, 1080, 1650, 2420, 3432, 4732, 6370] -- Elapsed time: 1995.27 ms
13: [2, 12, 40, 100, 210, 392, 672, 1080, 1650, 2420, 3432, 4732, 6370, 8400] -- Elapsed time: 4481.352 ms
14: [2, 12, 40, 100, 210, 392, 672, 1080, 1650, 2420, 3432, 4732, 6370, 8400, 10880] -- Elapsed time: 6418.028 ms
15: [2, 12, 40, 100, 210, 392, 672, 1080, 1650, 2420, 3432, 4732, 6370, 8400, 10880, 13872] -- Elapsed time: 11854.612 ms
16: [2, 12, 40, 100, 210, 392, 672, 1080, 1650, 2420, 3432, 4732, 6370, 8400, 10880, 13872, 17442] -- Elapsed time: 21921.407 ms
17: [2, 12, 40, 100, 210, 392, 672, 1080, 1650, 2420, 3432, 4732, 6370, 8400, 10880, 13872, 17442, 21660] -- Elapsed time: 38745.964 ms
18: [2, 12, 40, 100, 210, 392, 672, 1080, 1650, 2420, 3432, 4732, 6370, 8400, 10880, 13872, 17442, 21660, 26600] -- Elapsed time: 67638.733 ms
19: [2, 12, 40, 100, 210, 392, 672, 1080, 1650, 2420, 3432, 4732, 6370, 8400, 10880, 13872, 17442, 21660, 26600, 32340] -- Elapsed time: 112029.535 ms
20: [2, 12, 40, 100, 210, 392, 672, 1080, 1650, 2420, 3432, 4732, 6370, 8400, 10880, 13872, 17442, 21660, 26600, 32340, 38962] -- Elapsed time: 181720.565 ms
21: [2, 12, 40, 100, 210, 392, 672, 1080, 1650, 2420, 3432, 4732, 6370, 8400, 10880, 13872, 17442, 21660, 26600, 32340, 38962, 46552] -- Elapsed time: 299420.861 ms
22: [2, 12, 40, 100, 210, 392, 672, 1080, 1650, 2420, 3432, 4732, 6370, 8400, 10880, 13872, 17442, 21660, 26600, 32340, 38962, 46552, 55200] -- Elapsed time: 466521.455 ms
23: [2, 12, 40, 100, 210, 392, 672, 1080, 1650, 2420, 3432, 4732, 6370, 8400, 10880, 13872, 17442, 21660, 26600, 32340, 38962, 46552, 55200, 65000] -- Elapsed time: 706059.722 ms
24: [2, 12, 40, 100, 210, 392, 672, 1080, 1650, 2420, 3432, 4732, 6370, 8400, 10880, 13872, 17442, 21660, 26600, 32340, 38962, 46552, 55200, 65000, 76050] -- Elapsed time: 1075871.817 ms
[-1, -1, -1, -1, -1, -1, -1, -1, -1, 1, 1, -1, 1, 1, 1, 1, 1, 1, 1, 1, 1, 1, 1, 1]
In dimension 5, from the eigenvalue number 8400 and to the 88451th, I only found finite critical lengths.

##########
##########
##########

Which dimension do you want to study? 6    
To which diagnosis eigenvalue do you want to study? 20 
01: [2, 14] -- Elapsed time: 0.015 ms                                                                                                                                      rtage UNC \\home\ts01: [2, 14] -- Elapsed time: 0.015 ms                                                                                                                                                   Recherche des moduTo which diagnosis eigenvalue do you want to study? 20                                                                                                                                       rtage UNC \\home\ts01: [2, 14] -- Elapsed time: 0.015 ms
02: [2, 14, 54] -- Elapsed time: 23.488 ms    
03: [2, 14, 54, 154] -- Elapsed time: 7.138 ms
04: [2, 14, 54, 154, 364] -- Elapsed time: 9.014 ms
05: [2, 14, 54, 154, 364, 756] -- Elapsed time: 11.954 ms
06: [2, 14, 54, 154, 364, 756, 1428] -- Elapsed time: 36.84 ms
07: [2, 14, 54, 154, 364, 756, 1428, 2508] -- Elapsed time: 112.746 ms
08: [2, 14, 54, 154, 364, 756, 1428, 2508, 4158] -- Elapsed time: 378.861 ms
09: [2, 14, 54, 154, 364, 756, 1428, 2508, 4158, 6578] -- Elapsed time: 1287.264 ms
10: [2, 14, 54, 154, 364, 756, 1428, 2508, 4158, 6578, 10010] -- Elapsed time: 4145.199 ms
11: [2, 14, 54, 154, 364, 756, 1428, 2508, 4158, 6578, 10010, 14742] -- Elapsed time: 12320.295 ms
12: [2, 14, 54, 154, 364, 756, 1428, 2508, 4158, 6578, 10010, 14742, 21112] -- Elapsed time: 665651.041 ms
13: [2, 14, 54, 154, 364, 756, 1428, 2508, 4158, 6578, 10010, 14742, 21112, 29512] -- Elapsed time: 86587.66 ms
14: [2, 14, 54, 154, 364, 756, 1428, 2508, 4158, 6578, 10010, 14742, 21112, 29512, 40392] -- Elapsed time: 204649.511 ms
15: [2, 14, 54, 154, 364, 756, 1428, 2508, 4158, 6578, 10010, 14742, 21112, 29512, 40392, 54264] -- Elapsed time: 474793.951 ms
16: [2, 14, 54, 154, 364, 756, 1428, 2508, 4158, 6578, 10010, 14742, 21112, 29512, 40392, 54264, 71706] -- Elapsed time: 1006867.071 ms
17: [2, 14, 54, 154, 364, 756, 1428, 2508, 4158, 6578, 10010, 14742, 21112, 29512, 40392, 54264, 71706, 93366] -- Elapsed time: 2120018.028 ms
18: [2, 14, 54, 154, 364, 756, 1428, 2508, 4158, 6578, 10010, 14742, 21112, 29512, 40392, 54264, 71706, 93366, 119966] -- Elapsed time: 4182163.017 ms
19: [2, 14, 54, 154, 364, 756, 1428, 2508, 4158, 6578, 10010, 14742, 21112, 29512, 40392, 54264, 71706, 93366, 119966, 152306] -- Elapsed time: 7910404.72 ms
[-1, -1, -1, -1, -1, -1, -1, -1, 1, 1, -1, 1, 1, 1, 1, 1, 1, 1, 1]
In dimension 6, from the eigenvalue number 21112 and to the 191267th, I only found finite critical lengths.

